0 0.5096618357487923 0.5733333333333333 0.05475040257648961 0.17066666666666663
0 0.6622383252818036 0.5906666666666667 0.07648953301127215 0.264
0 0.5841384863123993 0.544 0.03140096618357491 0.13333333333333336
0 0.5539452495974235 0.5306666666666666 0.024154589371980673 0.09599999999999997
1 0.15740740740740738 0.6533333333333333 0.07971014492753623 0.2453333333333334
1 0.37922705314009664 0.5413333333333333 0.030595813204508826 0.10133333333333333
1 0.43478260869565216 0.516 0.020933977455716568 0.06666666666666665
1 0.21578099838969406 0.5840000000000001 0.043478260869565216 0.128
1 0.28019323671497587 0.5466666666666666 0.03220611916264088 0.12266666666666665
1 0.4754428341384863 0.5026666666666666 0.015297906602254385 0.039999999999999925
1 0.3425925925925926 0.5293333333333333 0.023349436392914646 0.07733333333333331
1 0.4001610305958132 0.52 0.017713365539452464 0.05333333333333329
1 0.07568438003220612 0.5720000000000001 0.03703703703703704 0.136
1 0.08252818035426732 0.5426666666666666 0.0249597423510467 0.09333333333333338
0 0.5301932367149758 0.4973333333333333 0.015297906602254385 0.03999999999999998
