0 0.5044283413848631 0.54 0.04911433172302737 0.1306666666666666
0 0.37037037037037035 0.5933333333333333 0.0547504025764895 0.22666666666666668
0 0.3965378421900161 0.54 0.03462157809983896 0.14133333333333337
0 0.4182769726247987 0.524 0.0297906602254428 0.11999999999999994
0 0.4363929146537842 0.5013333333333334 0.02254428341384862 0.08533333333333337
0 0.46215780998389694 0.46799999999999997 0.017713365539452464 0.09866666666666662
0 0.8107890499194848 0.6986666666666667 0.12077294685990336 0.3520000000000001
0 0.6767310789049918 0.6026666666666667 0.07165861513687599 0.20266666666666666
0 0.6284219001610306 0.544 0.05716586151368763 0.1813333333333334
1 0.1823671497584541 0.556 0.052334943639291476 0.17866666666666664
0 0.5 0.5013333333333334 0.028985507246376774 0.08533333333333337
1 0.2528180354267311 0.54 0.043478260869565216 0.14133333333333337
