0 0.49476650563607083 0.528 0.03623188405797095 0.11199999999999999
0 0.7065217391304348 0.6413333333333333 0.09581320450885666 0.33333333333333337
0 0.6344605475040257 0.5880000000000001 0.06119162640901765 0.22666666666666668
1 0.4033816425120773 0.508 0.019323671497584516 0.05600000000000005
1 0.2685185185185185 0.5906666666666667 0.050724637681159396 0.15733333333333333
0 0.5644122383252819 0.5266666666666667 0.02898550724637683 0.12533333333333335
0 0.5430756843800322 0.512 0.0249597423510467 0.09066666666666667
0 0.5245571658615137 0.4866666666666667 0.0185185185185186 0.08266666666666667
1 0.35909822866344604 0.5 0.019323671497584516 0.06666666666666665
1 0.3752012882447665 0.5 0.01610305958132041 0.05600000000000005
1 0.3381642512077294 0.496 0.012882447665056362 0.04800000000000004
