1 0.7262479871175523 0.5760000000000001 0.05958132045088571 0.4640000000000001
1 0.31199677938808373 0.5666666666666667 0.06682769726247983 0.1946666666666667
1 0.3776167471819646 0.5706666666666667 0.07729468599033817 0.22399999999999998
0 0.8228663446054751 0.43733333333333335 0.027375201288244777 0.10133333333333333
0 0.928341384863124 0.41333333333333333 0.03220611916264082 0.11733333333333329
0 0.8611111111111112 0.43066666666666664 0.028180354267310803 0.09333333333333332
1 0.35104669887278583 0.5453333333333333 0.04508856682769724 0.13599999999999995
1 0.5507246376811594 0.48533333333333334 0.02898550724637672 0.08533333333333337
0 0.4931561996779388 0.492 0.02173913043478265 0.06666666666666665
0 0.4537037037037037 0.4613333333333334 0.010466988727858284 0.042666666666666686
