0 0.49597423510466987 0.5266666666666666 0.03864734299516903 0.12
1 0.32971014492753625 0.548 0.03784219001610306 0.10399999999999998
0 0.6235909822866345 0.564 0.05716586151368763 0.22133333333333333
0 0.5696457326892109 0.536 0.037842190016103006 0.1386666666666666
0 0.5628019323671498 0.508 0.027375201288244777 0.1146666666666667
0 0.537037037037037 0.4906666666666667 0.024154589371980673 0.10666666666666669
0 0.5285829307568438 0.496 0.01690821256038655 0.0693333333333333
1 0.32930756843800324 0.5093333333333333 0.024154589371980673 0.08000000000000002
1 0.43961352657004826 0.4653333333333333 0.016103059581320467 0.07199999999999995
1 0.3526570048309179 0.5013333333333334 0.019323671497584516 0.06933333333333336
1 0.40136876006441224 0.492 0.013687600644122389 0.040000000000000036
1 0.30756843800322065 0.5013333333333333 0.016103059581320467 0.058666666666666645
1 0.12842190016103058 0.5106666666666667 0.024959742351046685 0.06666666666666671
