0 0.4838969404186796 0.5426666666666666 0.045088566827697296 0.12
0 0.2282608695652174 0.7626666666666666 0.15056360708534622 0.43733333333333324
1 0.17954911433172305 0.7 0.10628019323671498 0.33333333333333337
1 0.24476650563607083 0.6266666666666667 0.0756843800322061 0.24
1 0.34219001610305955 0.56 0.03864734299516909 0.14400000000000002
1 0.3639291465378422 0.5413333333333333 0.032206119162640934 0.13866666666666672
1 0.38687600644122383 0.528 0.0249597423510467 0.09066666666666667
0 0.4359903381642512 0.5253333333333333 0.03140096618357491 0.08533333333333326
1 0.4186795491143317 0.504 0.016103059581320467 0.07466666666666666
0 0.5632045088566828 0.548 0.044283413848631326 0.1306666666666666
0 0.5527375201288245 0.4533333333333333 0.052334943639291476 0.22933333333333328
1 0.05314009661835749 0.5666666666666667 0.048309178743961345 0.1306666666666667
0 0.48792270531400966 0.5133333333333333 0.02898550724637683 0.08800000000000002
1 0.23792270531400966 0.5146666666666666 0.0249597423510467 0.07999999999999996
