0 0.5060386473429952 0.5906666666666667 0.06360708534621573 0.16799999999999993
1 0.17270531400966183 0.5693333333333334 0.04750402576489535 0.14666666666666672
0 0.5865539452495974 0.5253333333333333 0.05555555555555547 0.20799999999999996
1 0.27657004830917875 0.5226666666666666 0.029790660225442855 0.10666666666666663
0 0.39855072463768115 0.5493333333333333 0.032206119162640934 0.13866666666666672
0 0.4255233494363929 0.5413333333333333 0.021739130434782594 0.09600000000000003
0 0.4392109500805153 0.524 0.016908212560386437 0.08266666666666667
0 0.45410628019323673 0.508 0.012882447665056362 0.05600000000000005
0 0.4834943639291466 0.5346666666666666 0.03462157809983896 0.10399999999999998
1 0.2773752012882448 0.5146666666666666 0.0249597423510467 0.06933333333333336
