0 0.44887278582930756 0.5146666666666666 0.044283413848631215 0.16000000000000003
0 0.2777777777777778 0.5506666666666666 0.04347826086956519 0.1253333333333333
0 0.19363929146537842 0.5306666666666666 0.04267310789049922 0.17066666666666663
0 0.38285024154589375 0.5013333333333333 0.03140096618357485 0.09066666666666662
0 0.6010466988727858 0.516 0.037842190016103006 0.1146666666666667
0 0.47624798711755234 0.47600000000000003 0.0249597423510467 0.07733333333333337
1 0.5088566827697263 0.44799999999999995 0.02254428341384862 0.10133333333333333
0 0.6469404186795491 0.5066666666666666 0.037842190016103006 0.12266666666666659
1 0.4714170692431562 0.4346666666666667 0.02657004830917875 0.14400000000000002
0 0.050724637681159424 0.5680000000000001 0.04186795491143317 0.128
