1 0.23148148148148148 0.4786666666666667 0.03462157809983896 0.14133333333333337
0 0.2777777777777778 0.4906666666666667 0.025764895330112725 0.10133333333333333
0 0.3357487922705314 0.4826666666666667 0.025764895330112725 0.08533333333333332
1 0.4750402576489533 0.46799999999999997 0.019323671497584516 0.10400000000000004
0 0.4935587761674718 0.4693333333333333 0.014492753623188415 0.06933333333333336
0 0.5314009661835748 0.4653333333333333 0.012882447665056307 0.07199999999999995
0 0.5607890499194848 0.47333333333333333 0.01207729468599028 0.05599999999999994
0 0.5772946859903382 0.47333333333333333 0.012882447665056418 0.05599999999999994
0 0.6010466988727858 0.472 0.01046698872785834 0.05333333333333329
1 0.6243961352657005 0.46799999999999997 0.01046698872785834 0.055999999999999994
1 0.6590177133655395 0.456 0.008856682769726176 0.07466666666666666
1 0.676731078904992 0.4613333333333334 0.007246376811594235 0.04799999999999999
1 0.6888083735909822 0.4573333333333333 0.007246376811594124 0.04533333333333334
