0 0.5032206119162641 0.628 0.06119162640901776 0.16266666666666674
1 0.09259259259259259 0.624 0.05958132045088567 0.18133333333333335
0 0.6147342995169083 0.5666666666666667 0.07004830917874394 0.264
1 0.22584541062801933 0.5706666666666667 0.03623188405797101 0.1333333333333333
0 0.37962962962962965 0.5973333333333333 0.041062801932367166 0.17066666666666663
0 0.3973429951690821 0.5946666666666667 0.029790660225442855 0.1333333333333333
0 0.4174718196457327 0.5826666666666667 0.02657004830917875 0.1146666666666667
0 0.43478260869565216 0.5666666666666667 0.020933977455716568 0.09333333333333327
0 0.45209339774557167 0.5426666666666666 0.013687600644122389 0.06133333333333335
0 0.571256038647343 0.58 0.03623188405797095 0.09866666666666668
0 0.4863123993558776 0.5680000000000001 0.033816425120772986 0.10133333333333339
1 0.25442834138486314 0.5506666666666666 0.027375201288244805 0.07733333333333337
