0 0.4810789049919485 0.5466666666666666 0.04589371980676332 0.12266666666666665
0 0.2781803542673108 0.7106666666666667 0.12157809983896942 0.3493333333333333
1 0.22061191626409019 0.6626666666666666 0.08534621578099838 0.28
1 0.27012882447665054 0.6066666666666667 0.06521739130434784 0.21066666666666667
1 0.34863123993558776 0.5546666666666666 0.03542673107890498 0.1333333333333333
1 0.3691626409017713 0.5373333333333333 0.0297906602254428 0.1306666666666667
1 0.38808373590982287 0.5253333333333333 0.024154589371980673 0.08533333333333326
0 0.4351851851851852 0.524 0.029790660225442855 0.08266666666666667
1 0.4182769726247987 0.504 0.01529790660225444 0.07466666666666666
0 0.5551529790660226 0.54 0.04106280193236711 0.12
0 0.5458937198067633 0.45066666666666666 0.0499194847020934 0.21866666666666673
1 0.07971014492753623 0.5573333333333333 0.04508856682769726 0.1226666666666667
0 0.4851046698872786 0.5133333333333333 0.028180354267310803 0.08800000000000002
1 0.24557165861513686 0.512 0.024154589371980645 0.07466666666666666
