0 0.5060386473429952 0.568 0.052334943639291476 0.16533333333333328
0 0.7351046698872785 0.644 0.12077294685990336 0.38133333333333336
0 0.5950080515297906 0.5546666666666666 0.03703703703703698 0.15466666666666667
0 0.5599838969404187 0.536 0.028180354267310803 0.10666666666666669
1 0.30716586151368763 0.5706666666666667 0.04589371980676332 0.15466666666666667
1 0.4029790660225443 0.5253333333333333 0.02657004830917875 0.08533333333333326
1 0.1582125603864734 0.5986666666666667 0.05233494363929145 0.15200000000000002
1 0.24436392914653784 0.5533333333333333 0.03784219001610306 0.1413333333333333
1 0.4565217391304348 0.5053333333333333 0.01932367149758457 0.05066666666666664
1 0.3252818035426731 0.5306666666666666 0.025764895330112725 0.08533333333333337
1 0.3892914653784219 0.5173333333333333 0.01851851851851849 0.058666666666666645
1 0.02254428341384863 0.5493333333333333 0.02737520128824477 0.10666666666666669
0 0.5394524959742351 0.49066666666666664 0.01449275362318836 0.03733333333333333
