0 0.612812248186946 0.598404255319149 0.06365834004834814 0.18617021276595747
0 0.3323932312651088 0.5930851063829787 0.0684931506849315 0.22340425531914893
0 0.5390813859790491 0.5199468085106383 0.029008863819500408 0.08244680851063829
0 0.1579371474617244 0.598404255319149 0.0660757453666398 0.20212765957446815
0 0.3851732473811442 0.5545212765957447 0.04351329572925061 0.1303191489361702
0 0.29170024174053183 0.5558510638297872 0.03706688154713944 0.11170212765957444
0 0.34004834810636586 0.5305851063829787 0.0273972602739726 0.08244680851063829
0 0.36663980660757456 0.5066489361702128 0.02095084609186143 0.08244680851063829
0 0.43029814665592264 0.5132978723404256 0.020950846091861375 0.058510638297872286
0 0.38920225624496374 0.5 0.020950846091861375 0.06914893617021273
0 0.483883964544722 0.5079787234042553 0.02014504431909747 0.06382978723404253
0 0.5064464141821112 0.5013297872340425 0.01208702659145855 0.03989361702127664
