0 0.49838969404186795 0.5293333333333333 0.048309178743961345 0.13066666666666665
0 0.18679549114331723 0.7053333333333334 0.12399355877616747 0.3813333333333333
1 0.30716586151368763 0.5626666666666666 0.05394524959742347 0.19199999999999995
0 0.3812399355877617 0.6013333333333333 0.08132045088566825 0.19466666666666665
0 0.4142512077294686 0.5546666666666666 0.052334943639291476 0.16000000000000003
1 0.38486312399355876 0.5306666666666666 0.027375201288244777 0.10666666666666663
0 0.7012882447665056 0.6559999999999999 0.12560386473429952 0.352
0 0.6223832528180355 0.588 0.07729468599033817 0.19999999999999996
0 0.5857487922705313 0.5293333333333333 0.044283413848631326 0.15733333333333333
0 0.5338164251207729 0.496 0.024154589371980673 0.0693333333333333
0 0.5305958132045088 0.44 0.032206119162640934 0.14400000000000002
0 0.4919484702093398 0.504 0.03059581320450888 0.09066666666666667
1 0.16908212560386474 0.5146666666666666 0.03220611916264088 0.09599999999999997
