1 0.10950080515297908 0.5973333333333333 0.035426731078905 0.19200000000000006
1 0.20732689210950078 0.5613333333333334 0.02012882447665057 0.15199999999999997
0 0.3272946859903382 0.5426666666666666 0.010466988727858284 0.13066666666666665
0 0.36312399355877617 0.528 0.008051529790660261 0.11733333333333335
1 0.30797101449275366 0.5266666666666666 0.008856682769726232 0.09333333333333338
1 0.33333333333333337 0.5186666666666667 0.004830917874396101 0.08266666666666672
1 0.3470209339774557 0.5173333333333333 0.0032206119162641045 0.064
0 0.4033816425120773 0.5026666666666666 0.0032206119162641045 0.07199999999999995
1 0.3687600644122383 0.5 0.003220611916264049 0.06666666666666665
1 0.37962962962962965 0.5 0.00724637681159418 0.061333333333333295
