0 0.5024154589371981 0.556 0.05958132045088571 0.184
0 0.6493558776167472 0.552 0.0877616747181964 0.34666666666666673
0 0.5841384863123993 0.528 0.04267310789049927 0.15999999999999998
0 0.5471014492753623 0.4893333333333333 0.020128824476650542 0.08266666666666661
0 0.5342190016103059 0.484 0.013687600644122333 0.061333333333333406
1 0.10466988727858292 0.568 0.059581320450885655 0.1973333333333333
1 0.22423510466988728 0.5 0.07971014492753625 0.3546666666666667
1 0.21940418679549115 0.5453333333333333 0.03945249597423511 0.13599999999999995
1 0.28421900161030594 0.5293333333333333 0.03059581320450888 0.08800000000000002
1 0.35990338164251207 0.5 0.020933977455716568 0.061333333333333295
1 0.3784219001610306 0.488 0.01771336553945252 0.064
1 0.40096618357487923 0.484 0.01449275362318836 0.04533333333333339
0 0.9581320450885669 0.5293333333333333 0.024154589371980673 0.09333333333333327
1 0.15217391304347827 0.536 0.0289855072463768 0.11199999999999999
