0 0.4939613526570048 0.524 0.04106280193236711 0.10933333333333334
1 0.14694041867954913 0.6973333333333334 0.1360708534621578 0.44533333333333336
1 0.30434782608695654 0.5826666666666667 0.0531400966183575 0.184
0 0.39814814814814814 0.5960000000000001 0.06360708534621579 0.17866666666666664
0 0.42592592592592593 0.5573333333333333 0.048309178743961345 0.14399999999999996
1 0.39090177133655396 0.5186666666666666 0.028180354267310803 0.12
0 0.642914653784219 0.43466666666666665 0.11030595813204513 0.48533333333333334
0 0.5454911433172303 0.5093333333333333 0.03301127214170696 0.09600000000000003
0 0.5213365539452496 0.44533333333333336 0.03301127214170685 0.14399999999999996
1 0.24557165861513686 0.5093333333333333 0.0289855072463768 0.08000000000000002
0 0.48228663446054754 0.5026666666666667 0.02737520128824472 0.08266666666666672
1 0.07407407407407407 0.5466666666666666 0.04186795491143318 0.1333333333333333
