0 0.41901692183722805 0.5079787234042553 0.01611603545527801 0.0478723404255319
0 0.47058823529411764 0.5571808510638298 0.05640612409347301 0.17287234042553185
0 0.11885576148267527 0.6542553191489362 0.0958904109589041 0.25531914893617025
0 0.38235294117647056 0.5465425531914894 0.044319097502014515 0.13563829787234044
0 0.23005640612409345 0.5678191489361702 0.05560032232070908 0.14627659574468083
0 0.14182111200644643 0.5638297872340425 0.05318291700241741 0.1382978723404255
0 0.2961321514907333 0.5332446808510638 0.02981466559226431 0.08776595744680854
0 0.20145044319097502 0.5172872340425532 0.040290088638195 0.13031914893617025
0 0.3182917002417405 0.5212765957446809 0.024174053182916988 0.06914893617021273
0 0.34246575342465757 0.48936170212765956 0.02095084609186143 0.09042553191489355
