0 0.49597423510466987 0.5213333333333333 0.03542673107890493 0.10933333333333328
0 0.7520128824476651 0.6973333333333334 0.1529790660225443 0.5146666666666666
0 0.6594202898550725 0.612 0.08856682769726254 0.296
0 0.6135265700483092 0.5640000000000001 0.05475040257648944 0.23733333333333329
0 0.6026570048309179 0.5506666666666666 0.04267310789049916 0.16800000000000004
0 0.5780998389694042 0.5306666666666667 0.033816425120772875 0.13333333333333336
1 0.42954911433172305 0.492 0.013687600644122389 0.040000000000000036
1 0.3836553945249597 0.524 0.0249597423510467 0.07733333333333331
0 0.5475040257648953 0.5053333333333334 0.020933977455716568 0.09333333333333338
0 0.5334138486312399 0.4973333333333333 0.01851851851851849 0.07200000000000001
0 0.5225442834138486 0.4826666666666667 0.016103059581320522 0.0693333333333333
1 0.3804347826086957 0.4973333333333333 0.016908212560386493 0.055999999999999994
1 0.3599033816425121 0.4906666666666667 0.01127214170692431 0.042666666666666686
