0 0.49194847020933974 0.5426666666666666 0.04669887278582924 0.1253333333333333
0 0.31280193236714976 0.604 0.05555555555555558 0.21599999999999997
0 0.35144927536231885 0.584 0.044283413848631215 0.16533333333333333
1 0.3723832528180354 0.5386666666666666 0.03140096618357491 0.1173333333333334
0 0.4251207729468599 0.5546666666666666 0.04669887278582929 0.11200000000000004
0 0.6944444444444444 0.5533333333333333 0.13285024154589375 0.5306666666666666
0 0.5869565217391304 0.5640000000000001 0.05797101449275355 0.16266666666666663
0 0.5640096618357489 0.5493333333333333 0.044283413848631326 0.11733333333333335
0 0.5515297906602254 0.5173333333333333 0.03059581320450877 0.10666666666666663
0 0.5217391304347827 0.5026666666666666 0.019323671497584516 0.05599999999999994
1 0.07447665056360708 0.628 0.07165861513687602 0.19999999999999996
1 0.17713365539452497 0.5466666666666666 0.06602254428341384 0.2346666666666667
0 0.49074074074074076 0.5186666666666666 0.03140096618357491 0.09333333333333338
1 0.05877616747181964 0.5626666666666666 0.043478260869565216 0.12800000000000006
