0 0.27294685990338163 0.5866666666666667 0.027375201288244777 0.24
1 0.19404186795491143 0.588 0.027375201288244777 0.1946666666666667
0 0.34822866344605474 0.5666666666666667 0.013687600644122389 0.17333333333333334
1 0.27375201288244766 0.528 0.012882447665056362 0.14399999999999996
0 0.7234299516908214 0.7213333333333334 0.12318840579710144 0.376
1 0.5901771336553945 0.5453333333333333 0.009661835748792202 0.1306666666666667
1 0.3506441223832528 0.5173333333333333 0.005636070853462183 0.08000000000000002
0 0.42914653784219003 0.512 0.0032206119162641045 0.07466666666666666
0 0.5277777777777777 0.516 0.021739130434782594 0.06666666666666665
0 0.501610305958132 0.472 0.011272141706924366 0.042666666666666686
