0 0.5406602254428341 0.7266666666666666 0.16183574879227053 0.5093333333333333
0 0.5994363929146538 0.5293333333333333 0.04106280193236711 0.15199999999999997
0 0.5656199677938809 0.5093333333333333 0.021739130434782594 0.09600000000000003
0 0.5475040257648953 0.5 0.019323671497584627 0.07200000000000001
1 0.4190821256038647 0.5053333333333334 0.020128824476650597 0.06133333333333335
1 0.06642512077294685 0.6226666666666667 0.06521739130434782 0.18400000000000005
1 0.4746376811594203 0.4826666666666667 0.013687600644122333 0.042666666666666686
1 0.29830917874396135 0.532 0.03140096618357491 0.09333333333333332
1 0.3361513687600644 0.512 0.0249597423510467 0.09600000000000003
1 0.3776167471819646 0.5013333333333333 0.019323671497584516 0.064
1 0.4219001610305958 0.4933333333333333 0.014492753623188415 0.04799999999999999
1 0.20209339774557167 0.5253333333333333 0.02737520128824475 0.09600000000000003
1 0.18800322061191627 0.5146666666666666 0.020128824476650542 0.06933333333333336
