1 0.0748792270531401 0.6133333333333333 0.04186795491143317 0.20800000000000007
1 0.19001610305958133 0.5666666666666667 0.022544283413848648 0.16266666666666668
0 0.3184380032206119 0.5466666666666666 0.012077294685990336 0.13866666666666666
0 0.35748792270531404 0.5293333333333333 0.009661835748792258 0.12000000000000005
1 0.3007246376811594 0.5293333333333333 0.008856682769726287 0.09866666666666668
1 0.32689210950080516 0.5173333333333334 0.004830917874396157 0.08533333333333337
1 0.34098228663446056 0.5186666666666667 0.004025764895330131 0.06666666666666671
0 0.40136876006441224 0.5013333333333333 0.004025764895330131 0.0746666666666666
1 0.36513687600644124 0.5013333333333334 0.004025764895330131 0.06933333333333336
1 0.37640901771336555 0.49866666666666665 0.007246376811594235 0.06399999999999995
