0 0.501207729468599 0.5306666666666666 0.04589371980676327 0.14400000000000002
0 0.749194847020934 0.6693333333333333 0.144122383252818 0.432
0 0.6646537842190017 0.5946666666666667 0.07971014492753625 0.27733333333333327
0 0.6368760064412238 0.5413333333333333 0.05797101449275355 0.21866666666666662
0 0.572061191626409 0.5026666666666666 0.04106280193236711 0.17866666666666664
0 0.5515297906602254 0.5053333333333333 0.025764895330112725 0.10400000000000004
0 0.5318035426731078 0.4853333333333333 0.015297906602254385 0.064
1 0.2532206119162641 0.5266666666666666 0.03623188405797101 0.12
1 0.40096618357487923 0.46933333333333327 0.027375201288244777 0.12266666666666665
1 0.30112721417069244 0.516 0.027375201288244777 0.09333333333333332
1 0.33735909822866345 0.512 0.02254428341384862 0.06400000000000006
1 0.38526570048309183 0.4906666666666667 0.016908212560386493 0.04800000000000004
1 0.24476650563607089 0.5133333333333333 0.020933977455716596 0.08266666666666667
