0 0.4778582930756844 0.5586666666666666 0.04750402576489532 0.1253333333333333
1 0.11312399355877617 0.7293333333333334 0.1328502415458937 0.40800000000000003
0 0.3409822866344605 0.6586666666666667 0.09098228663446056 0.2773333333333333
0 0.3719806763285024 0.6053333333333333 0.06119162640901771 0.17600000000000005
1 0.32648953301127215 0.588 0.04267310789049916 0.15733333333333333
0 0.4351851851851852 0.524 0.023349436392914646 0.06666666666666671
0 0.6272141706924315 0.6106666666666667 0.07407407407407407 0.2613333333333333
0 0.5285829307568437 0.5386666666666666 0.029790660225442855 0.09066666666666662
0 0.5245571658615137 0.4666666666666667 0.03945249597423506 0.176
1 0.1723027375201288 0.5466666666666666 0.03381642512077296 0.09066666666666667
0 0.4754428341384863 0.5333333333333333 0.029790660225442855 0.09066666666666667
1 0.0249597423510467 0.5773333333333333 0.04669887278582931 0.136
