0 0.7194041867954912 0.6773333333333333 0.1280193236714976 0.4053333333333333
0 0.6171497584541064 0.5693333333333334 0.06682769726247983 0.22133333333333338
1 0.3111916264090177 0.6160000000000001 0.07165861513687599 0.20266666666666666
1 0.36191626409017713 0.556 0.04911433172302737 0.1733333333333334
0 0.5652173913043479 0.5333333333333333 0.0434782608695653 0.1333333333333333
1 0.3969404186795491 0.54 0.03864734299516909 0.1306666666666666
0 0.5599838969404187 0.52 0.03301127214170696 0.10133333333333333
0 0.5438808373590982 0.4706666666666667 0.04106280193236711 0.15733333333333333
0 0.5144927536231885 0.4906666666666667 0.01610305958132041 0.04800000000000004
0 0.4404186795491143 0.504 0.016103059581320467 0.04266666666666663
