0 0.5152979066022544 0.5866666666666667 0.06119162640901771 0.192
0 0.6252012882447665 0.568 0.05555555555555558 0.1973333333333333
0 0.5736714975845412 0.5386666666666666 0.02657004830917875 0.11199999999999999
0 0.5503220611916264 0.5293333333333333 0.021739130434782705 0.08266666666666667
1 0.33896940418679544 0.5626666666666666 0.037037037037037035 0.11733333333333329
1 0.4247181964573269 0.524 0.021739130434782594 0.07200000000000006
1 0.46256038647342995 0.5093333333333334 0.016908212560386437 0.053333333333333344
1 0.2616747181964573 0.5720000000000001 0.03703703703703706 0.1093333333333334
1 0.3063607085346216 0.5426666666666666 0.028180354267310748 0.1093333333333334
1 0.35990338164251207 0.5266666666666666 0.020933977455716568 0.07200000000000001
1 0.4114331723027375 0.5213333333333333 0.01610305958132041 0.05066666666666664
1 0.14573268921095006 0.5613333333333334 0.032206119162640906 0.1146666666666667
1 0.13687600644122383 0.54 0.02254428341384862 0.08266666666666672
