1 0.16867954911433172 0.47333333333333333 0.03945249597423511 0.15200000000000002
0 0.2218196457326892 0.49333333333333335 0.029790660225442828 0.11199999999999999
0 0.28421900161030594 0.48133333333333334 0.02898550724637683 0.09333333333333338
1 0.4351851851851852 0.4653333333333334 0.021739130434782594 0.10933333333333334
0 0.45491143317230276 0.4706666666666667 0.014492753623188415 0.07200000000000006
0 0.49516908212560384 0.46399999999999997 0.012882447665056362 0.0746666666666666
0 0.5249597423510467 0.4746666666666667 0.011272141706924366 0.058666666666666645
0 0.5426731078904992 0.472 0.012882447665056307 0.058666666666666645
0 0.5648148148148149 0.472 0.010466988727858229 0.05333333333333329
1 0.5901771336553945 0.46799999999999997 0.011272141706924255 0.055999999999999994
1 0.6252012882447665 0.448 0.008856682769726287 0.07466666666666666
1 0.6404991948470209 0.45733333333333337 0.007246376811594124 0.05066666666666669
1 0.6541867954911433 0.46 0.007246376811594235 0.04533333333333334
