1 0.13043478260869565 0.7626666666666666 0.14331723027375204 0.46933333333333327
1 0.8514492753623188 0.548 0.07971014492753614 0.24266666666666664
1 0.7729468599033816 0.5346666666666666 0.054750402576489554 0.20000000000000007
1 0.7302737520128825 0.5173333333333333 0.03864734299516903 0.16533333333333333
1 0.6976650563607085 0.5093333333333333 0.03301127214170685 0.14933333333333332
1 0.6719001610305959 0.5133333333333333 0.029790660225442855 0.12000000000000005
0 0.6211755233494365 0.5853333333333333 0.07648953301127215 0.23733333333333329
0 0.5845410628019324 0.552 0.05152979066022545 0.1386666666666666
1 0.3691626409017713 0.5653333333333334 0.050724637681159424 0.176
1 0.40418679549114334 0.524 0.045088566827697296 0.16799999999999998
0 0.6614331723027376 0.488 0.007246376811594124 0.10133333333333328
0 0.5140901771336555 0.456 0.03945249597423517 0.16000000000000003
