0 0.46095008051529796 0.5413333333333333 0.03784219001610306 0.10133333333333333
1 0.25483091787439616 0.6213333333333333 0.07326892109500807 0.2666666666666667
1 0.3534621578099839 0.5573333333333333 0.030595813204508826 0.1226666666666667
0 0.36996779388083734 0.5413333333333333 0.0297906602254428 0.11733333333333329
0 0.39855072463768115 0.5306666666666666 0.024154589371980673 0.08533333333333337
0 0.4102254428341385 0.5253333333333333 0.01851851851851849 0.07466666666666666
0 0.42028985507246375 0.504 0.01771336553945252 0.08533333333333332
0 0.573268921095008 0.5813333333333334 0.06119162640901776 0.1813333333333334
0 0.53743961352657 0.5426666666666666 0.036231884057971064 0.1093333333333334
0 0.5197262479871175 0.46799999999999997 0.04589371980676327 0.2053333333333333
1 0.06723027375201288 0.564 0.04750402576489533 0.13066666666666665
0 0.46296296296296297 0.52 0.027375201288244777 0.08000000000000007
