1 0.05152979066022544 0.6173333333333333 0.04830917874396136 0.2426666666666667
0 0.25442834138486314 0.5760000000000001 0.022544283413848648 0.19200000000000006
0 0.32004830917874394 0.5426666666666666 0.01529790660225444 0.15733333333333327
1 0.25523349436392917 0.544 0.014492753623188415 0.12266666666666659
0 0.3502415458937198 0.532 0.008051529790660261 0.09866666666666668
1 0.29830917874396135 0.532 0.007246376811594235 0.10399999999999998
1 0.3180354267310789 0.528 0.0064412238325281534 0.07999999999999996
0 0.38808373590982287 0.5053333333333333 0.004830917874396157 0.08800000000000002
1 0.3470209339774557 0.5106666666666666 0.004830917874396157 0.07733333333333337
1 0.3599033816425121 0.5066666666666666 0.008051529790660206 0.06933333333333336
