1 0.19887278582930756 0.7186666666666667 0.12399355877616747 0.3813333333333333
1 0.3111916264090177 0.6066666666666667 0.07326892109500804 0.23200000000000004
1 0.8123993558776168 0.5093333333333333 0.056360708534621495 0.19199999999999995
1 0.7250402576489533 0.516 0.044283413848631215 0.15733333333333333
1 0.6851851851851851 0.512 0.033816425120772986 0.13866666666666672
1 0.6618357487922706 0.5106666666666666 0.025764895330112725 0.12
1 0.645330112721417 0.4973333333333333 0.023349436392914646 0.11466666666666664
0 0.5748792270531401 0.5493333333333333 0.05152979066022545 0.15999999999999998
1 0.39855072463768115 0.5333333333333333 0.037037037037037035 0.12800000000000006
1 0.4194847020933977 0.508 0.03542673107890498 0.1306666666666667
0 0.6316425120772947 0.4866666666666667 0.005636070853462183 0.08266666666666667
0 0.5076489533011272 0.4533333333333333 0.03462157809983896 0.1386666666666666
