0 0.49597423510466987 0.528 0.033816425120772875 0.10666666666666669
1 0.12922705314009664 0.5826666666666667 0.05877616747181966 0.1786666666666667
0 0.6332528180354268 0.5706666666666667 0.05716586151368763 0.22399999999999998
0 0.6082930756843801 0.5533333333333333 0.04589371980676327 0.17333333333333334
0 0.572866344605475 0.5453333333333333 0.03945249597423506 0.13599999999999995
0 0.5595813204508857 0.532 0.032206119162640934 0.1306666666666667
0 0.5563607085346216 0.52 0.02898550724637683 0.10666666666666669
0 0.5442834138486312 0.5146666666666667 0.020933977455716568 0.10133333333333333
1 0.4384057971014492 0.49866666666666665 0.012077294685990336 0.03733333333333333
0 0.5221417069243156 0.49866666666666665 0.012077294685990392 0.04799999999999993
0 0.5161030595813205 0.48533333333333334 0.011272141706924255 0.053333333333333344
1 0.40821256038647347 0.4986666666666667 0.012882447665056362 0.042666666666666686
