0 0.501207729468599 0.536 0.04911433172302737 0.15466666666666662
0 0.750402576489533 0.6666666666666667 0.1288244766505635 0.41600000000000004
0 0.6795491143317229 0.5706666666666667 0.07890499194847023 0.288
0 0.5885668276972624 0.5106666666666666 0.0499194847020934 0.21066666666666667
0 0.5599838969404187 0.5106666666666666 0.029790660225442855 0.11466666666666664
0 0.536634460547504 0.48533333333333334 0.016908212560386437 0.06933333333333336
1 0.22020933977455714 0.5346666666666666 0.04106280193236714 0.136
1 0.3780193236714976 0.4746666666666667 0.03462157809983896 0.15466666666666673
1 0.27938808373590984 0.5253333333333333 0.030595813204508826 0.10666666666666669
1 0.32326892109500804 0.5173333333333334 0.0249597423510467 0.06933333333333336
1 0.3776167471819646 0.4906666666666667 0.01771336553945252 0.05333333333333329
1 0.2210144927536232 0.5186666666666666 0.023349436392914646 0.08799999999999997
