0 0.785024154589372 0.74 0.15458937198067635 0.5093333333333334
1 0.2777777777777778 0.6466666666666667 0.08051529790660228 0.2799999999999999
0 0.6082930756843801 0.596 0.06682769726247983 0.2053333333333333
1 0.35185185185185186 0.5813333333333333 0.054750402576489554 0.18666666666666665
0 0.5829307568438004 0.556 0.04508856682769724 0.14133333333333337
0 0.5551529790660226 0.49733333333333335 0.052334943639291476 0.20000000000000007
0 0.5157004830917875 0.524 0.01851851851851849 0.05600000000000005
0 0.4303542673107891 0.5373333333333333 0.018518518518518545 0.05066666666666664
0 0.5052334943639292 0.52 0.015297906602254385 0.0586666666666667
0 0.4818840579710145 0.5226666666666666 0.013687600644122389 0.04266666666666674
