0 0.4943639291465378 0.5493333333333333 0.04347826086956519 0.11733333333333335
0 0.24396135265700483 0.6799999999999999 0.11755233494363931 0.384
0 0.3687600644122383 0.58 0.04669887278582935 0.1786666666666667
0 0.3840579710144928 0.5613333333333334 0.04186795491143319 0.15733333333333333
0 0.4086151368760064 0.5346666666666666 0.028180354267310803 0.1093333333333334
0 0.4351851851851852 0.4933333333333333 0.028180354267310803 0.15466666666666667
0 0.49033816425120774 0.524 0.027375201288244777 0.08266666666666667
1 0.15418679549114334 0.5266666666666667 0.04106280193236714 0.12533333333333335
1 0.21859903381642512 0.5226666666666666 0.02657004830917875 0.07999999999999996
1 0.3256843800322061 0.48 0.028180354267310803 0.11200000000000004
