1 0.33977455716586147 0.6493333333333333 0.09178743961352659 0.312
0 0.6763285024154589 0.692 0.1030595813204509 0.3706666666666666
0 0.5909822866344605 0.624 0.06763285024154586 0.21866666666666656
0 0.3896940418679549 0.6013333333333333 0.056360708534621606 0.18933333333333324
1 0.4086151368760064 0.5693333333333332 0.04589371980676327 0.136
0 0.5628019323671498 0.5680000000000001 0.0434782608695653 0.14400000000000002
0 0.537842190016103 0.5586666666666666 0.03703703703703709 0.1146666666666667
1 0.4351851851851852 0.5386666666666666 0.0249597423510467 0.08533333333333337
1 0.45209339774557167 0.5173333333333333 0.023349436392914646 0.09066666666666667
1 0.4613526570048309 0.5173333333333333 0.020933977455716568 0.07466666666666666
