0 0.613215149073328 0.6077127659574468 0.06285253827558424 0.1835106382978724
0 0.354552780016116 0.5837765957446809 0.05801772763900076 0.1888297872340426
0 0.5423045930701047 0.5305851063829787 0.030620467365028214 0.08776595744680854
0 0.2046736502820306 0.589095744680851 0.05640612409347298 0.1728723404255319
0 0.3960515713134569 0.5531914893617021 0.039484286865431095 0.11702127659574463
0 0.30620467365028203 0.5492021276595744 0.03384367445608383 0.10372340425531917
0 0.34971796937953264 0.5305851063829787 0.025785656728444795 0.0771276595744681
0 0.43392425463336015 0.523936170212766 0.020145044319097527 0.05319148936170209
0 0.3920225624496374 0.5066489361702128 0.020145044319097527 0.06648936170212766
0 0.483883964544722 0.5159574468085106 0.018533440773569665 0.05851063829787234
0 0.5088638195004029 0.5106382978723404 0.012087026591458438 0.04255319148936171
