0 0.49597423510466987 0.5253333333333333 0.03864734299516903 0.12266666666666665
1 0.31481481481481477 0.5533333333333333 0.04186795491143319 0.1146666666666667
0 0.6344605475040257 0.5720000000000001 0.0628019323671497 0.2426666666666667
0 0.5748792270531401 0.5373333333333333 0.040257648953301084 0.14666666666666667
0 0.5708534621578101 0.524 0.032206119162640934 0.12533333333333335
0 0.567632850241546 0.5066666666666667 0.02898550724637683 0.11733333333333335
0 0.538647342995169 0.48933333333333334 0.025764895330112725 0.1093333333333334
0 0.5305958132045088 0.49466666666666664 0.017713365539452464 0.07199999999999995
1 0.3256843800322061 0.508 0.0249597423510467 0.08266666666666667
1 0.4384057971014493 0.46266666666666667 0.016908212560386437 0.07733333333333331
1 0.3498389694041868 0.5013333333333334 0.020128824476650542 0.06933333333333336
1 0.3997584541062802 0.4893333333333333 0.013687600644122333 0.03999999999999998
1 0.30434782608695654 0.5 0.016103059581320467 0.061333333333333295
1 0.12037037037037038 0.5093333333333334 0.024959742351046713 0.06933333333333336
