0 0.428341384863124 0.5453333333333333 0.06763285024154592 0.248
0 0.16223832528180354 0.6013333333333333 0.06843800322061191 0.18933333333333324
0 0.03260869565217391 0.5760000000000001 0.06521739130434782 0.2613333333333333
0 0.3470209339774557 0.52 0.04347826086956519 0.1226666666666667
0 0.6566022544283414 0.5466666666666666 0.05716586151368763 0.1706666666666667
0 0.47624798711755234 0.4813333333333333 0.03140096618357491 0.09866666666666662
1 0.5205314009661837 0.45599999999999996 0.02657004830917875 0.12266666666666665
0 0.7258454106280193 0.5253333333333333 0.05555555555555558 0.18133333333333335
0 0.8160225442834139 0.5373333333333333 0.05716586151368752 0.15199999999999997
1 0.4722222222222222 0.43733333333333335 0.033011272141706904 0.176
