1 0.177938808373591 0.6719999999999999 0.11916264090177134 0.4106666666666666
0 0.6578099838969405 0.6026666666666667 0.09178743961352653 0.2826666666666667
1 0.30917874396135264 0.5893333333333334 0.07085346215780997 0.24000000000000005
0 0.6042673107890499 0.548 0.05716586151368763 0.1733333333333334
0 0.5652173913043479 0.46799999999999997 0.06119162640901765 0.23199999999999998
1 0.5410628019323671 0.5053333333333334 0.02898550724637683 0.09333333333333338
0 0.5165056360708535 0.49733333333333335 0.020128824476650542 0.06133333333333335
0 0.4243156199677939 0.5066666666666666 0.020933977455716568 0.053333333333333344
0 0.5060386473429952 0.48933333333333334 0.016908212560386437 0.06133333333333335
0 0.4814814814814815 0.48933333333333334 0.014492753623188415 0.04533333333333334
