0 0.7194041867954912 0.66 0.13285024154589375 0.36533333333333334
0 0.0929951690821256 0.536 0.0748792270531401 0.45866666666666667
0 0.6759259259259259 0.5386666666666666 0.0845410628019323 0.2666666666666667
0 0.4927536231884058 0.4906666666666667 0.032206119162640934 0.11733333333333335
0 0.36513687600644124 0.5133333333333333 0.03140096618357491 0.08800000000000002
0 0.30756843800322065 0.4933333333333333 0.030595813204508826 0.12266666666666665
0 0.606682769726248 0.492 0.029790660225442855 0.08800000000000002
1 0.5394524959742351 0.44133333333333336 0.019323671497584516 0.08800000000000002
1 0.5060386473429952 0.42933333333333334 0.023349436392914646 0.12266666666666665
0 0.2077294685990338 0.512 0.0289855072463768 0.09066666666666667
