0 0.4963768115942029 0.5253333333333333 0.03945249597423506 0.12266666666666665
1 0.2971014492753623 0.5653333333333332 0.04669887278582929 0.128
0 0.6473429951690821 0.5826666666666667 0.06924315619967802 0.264
0 0.5801127214170693 0.5413333333333333 0.04267310789049916 0.15466666666666667
0 0.5748792270531401 0.5266666666666666 0.033816425120772875 0.13066666666666665
0 0.572463768115942 0.5066666666666666 0.03059581320450877 0.12266666666666659
0 0.5406602254428341 0.4893333333333333 0.02657004830917875 0.11466666666666664
0 0.5314009661835748 0.496 0.017713365539452464 0.07466666666666666
1 0.322061191626409 0.5066666666666667 0.025764895330112725 0.08533333333333332
1 0.4355877616747182 0.46266666666666667 0.017713365539452464 0.07733333333333331
1 0.3470209339774557 0.504 0.020933977455716568 0.0693333333333333
1 0.39895330112721417 0.4893333333333333 0.013687600644122389 0.03999999999999998
1 0.30112721417069244 0.5 0.01610305958132041 0.061333333333333295
1 0.11231884057971014 0.512 0.02657004830917875 0.0693333333333333
