1 0.20128824476650564 0.476 0.037037037037037035 0.14666666666666667
0 0.25 0.4906666666666667 0.028180354267310803 0.10666666666666669
0 0.3107890499194847 0.4826666666666667 0.027375201288244777 0.09066666666666667
1 0.4553140096618358 0.4666666666666667 0.020128824476650597 0.10666666666666669
0 0.4746376811594203 0.4706666666666667 0.015297906602254385 0.07200000000000006
0 0.5132850241545894 0.46799999999999997 0.01207729468599028 0.07200000000000001
0 0.5430756843800322 0.47333333333333333 0.01207729468599028 0.05599999999999994
0 0.5599838969404187 0.47333333333333333 0.013687600644122333 0.05599999999999994
0 0.5833333333333333 0.472 0.010466988727858229 0.05333333333333329
1 0.607487922705314 0.46799999999999997 0.010466988727858229 0.055999999999999994
1 0.642512077294686 0.45199999999999996 0.008051529790660261 0.07733333333333331
1 0.6582125603864735 0.45999999999999996 0.007246376811594235 0.05066666666666669
1 0.6714975845410628 0.46 0.006441223832528209 0.04533333333333334
