0 0.4270749395648671 0.5079787234042553 0.01611603545527801 0.0478723404255319
0 0.4883158742949234 0.5651595744680851 0.05962933118452857 0.18351063829787234
0 0.18251410153102338 0.6210106382978724 0.07816277195809831 0.21010638297872342
0 0.39323126510878326 0.5438829787234043 0.041901692183722805 0.1303191489361702
0 0.25866236905721196 0.5571808510638299 0.04995970991136184 0.13031914893617025
0 0.1748589846897663 0.5558510638297872 0.048348106365834004 0.12765957446808507
0 0.3122481869460113 0.5279255319148937 0.028203062046736505 0.08244680851063829
0 0.22240128928283642 0.511968085106383 0.037066881547139385 0.12500000000000006
0 0.330781627719581 0.5199468085106383 0.023368251410153085 0.06648936170212766
0 0.35092667203867844 0.4906914893617021 0.020145044319097527 0.08776595744680848
