0 0.49557165861513686 0.5306666666666666 0.04750402576489532 0.128
0 0.26570048309178745 0.6453333333333333 0.07729468599033817 0.2826666666666666
0 0.321658615136876 0.6066666666666667 0.05716586151368758 0.20533333333333337
1 0.3586956521739131 0.5426666666666666 0.03623188405797101 0.136
0 0.41586151368760066 0.5613333333333334 0.05394524959742353 0.1306666666666667
1 0.4061996779388084 0.5146666666666666 0.02173913043478265 0.08533333333333337
0 0.8099838969404187 0.5853333333333333 0.2061191626409017 0.824
0 0.6103059581320451 0.5746666666666667 0.07085346215780997 0.19999999999999996
0 0.5785024154589372 0.5493333333333333 0.052334943639291476 0.1333333333333333
0 0.5611916264090178 0.516 0.033816425120772986 0.11999999999999994
0 0.5265700483091788 0.49733333333333335 0.02093397745571668 0.06133333333333335
1 0.11231884057971014 0.5519999999999999 0.07971014492753624 0.288
0 0.4927536231884058 0.508 0.03059581320450888 0.09333333333333332
