1 0.29186795491143314 0.6453333333333333 0.0861513687600644 0.2666666666666666
1 0.35507246376811596 0.5773333333333334 0.0579710144927536 0.184
1 0.7701288244766505 0.5133333333333333 0.044283413848631215 0.16266666666666668
1 0.6988727858293076 0.5146666666666667 0.03703703703703698 0.13333333333333336
1 0.6670692431561998 0.5093333333333333 0.028180354267310803 0.12266666666666665
1 0.6513687600644122 0.5106666666666667 0.02254428341384862 0.10933333333333334
0 0.5700483091787439 0.54 0.04347826086956519 0.136
1 0.4162640901771336 0.528 0.03220611916264088 0.11199999999999999
1 0.4319645732689211 0.5093333333333333 0.03140096618357485 0.11733333333333329
0 0.6284219001610306 0.4853333333333333 0.004025764895330131 0.0746666666666666
0 0.5140901771336555 0.45866666666666667 0.03301127214170696 0.1333333333333333
