1 0.19524959742351047 0.6653333333333333 0.0748792270531401 0.23199999999999998
1 0.28421900161030594 0.6106666666666667 0.05152979066022545 0.16533333333333333
1 0.3345410628019324 0.5720000000000001 0.04267310789049922 0.12
0 0.8059581320450886 0.4746666666666667 0.024154589371980673 0.15999999999999998
1 0.6839774557165861 0.4693333333333334 0.015297906602254385 0.14933333333333337
1 0.6513687600644122 0.472 0.011272141706924366 0.1333333333333333
1 0.6183574879227053 0.4786666666666667 0.008051529790660261 0.10933333333333334
1 0.37640901771336555 0.5426666666666666 0.03140096618357491 0.09333333333333338
0 0.5652173913043479 0.5253333333333333 0.03864734299516914 0.11733333333333329
0 0.5515297906602254 0.516 0.03059581320450877 0.09866666666666668
