0 0.4967793880837359 0.5226666666666666 0.033816425120772875 0.10666666666666663
0 0.7657004830917875 0.668 0.13043478260869568 0.424
0 0.6553945249597424 0.6053333333333333 0.08212560386473433 0.2666666666666667
0 0.6086956521739131 0.5666666666666667 0.0595813204508856 0.22666666666666674
0 0.5901771336553945 0.548 0.04669887278582929 0.16799999999999998
0 0.570048309178744 0.528 0.032206119162640934 0.14933333333333337
0 0.5571658615136876 0.5146666666666666 0.024154589371980673 0.09599999999999997
1 0.4182769726247987 0.508 0.016908212560386493 0.05066666666666664
0 0.537842190016103 0.5 0.01610305958132041 0.07200000000000001
0 0.5265700483091788 0.496 0.016103059581320522 0.058666666666666645
0 0.5205314009661836 0.48133333333333334 0.013687600644122444 0.06133333333333335
1 0.394524959742351 0.4933333333333333 0.014492753623188415 0.04799999999999999
1 0.3752012882447665 0.49066666666666664 0.009661835748792313 0.03733333333333333
