0 0.5874294923448832 0.5651595744680851 0.05157131345688959 0.15159574468085107
0 0.5197421434327156 0.5026595744680851 0.020950846091861375 0.06382978723404248
0 0.22078968573730862 0.6795212765957447 0.11764705882352941 0.35372340425531923
0 0.08501208702659145 0.6196808510638298 0.07655116841257051 0.23404255319148937
0 0.3662369057211926 0.5465425531914894 0.044319097502014515 0.14095744680851063
0 0.2618855761482675 0.5492021276595744 0.040290088638195026 0.12499999999999994
0 0.3219178082191781 0.5146276595744681 0.02981466559226431 0.11436170212765956
0 0.41055600322320707 0.5212765957446809 0.028203062046736505 0.07978723404255322
0 0.3597904915390814 0.5026595744680851 0.026591458501208698 0.09042553191489361
0 0.43190975020145045 0.5079787234042553 0.020950846091861375 0.05851063829787234
0 0.48348106365834004 0.5079787234042553 0.024174053182916988 0.07446808510638298
