0 0.4939613526570048 0.5466666666666666 0.04267310789049916 0.11200000000000004
0 0.2930756843800322 0.6266666666666667 0.08051529790660222 0.26666666666666666
0 0.3695652173913043 0.5253333333333333 0.06924315619967797 0.3466666666666667
0 0.40217391304347827 0.5653333333333334 0.029790660225442855 0.13333333333333336
0 0.45088566827697263 0.5 0.01449275362318836 0.07733333333333331
0 0.5354267310789049 0.49066666666666664 0.025764895330112725 0.09599999999999997
0 0.4895330112721417 0.5213333333333333 0.027375201288244777 0.08266666666666667
0 0.42351046698872785 0.5293333333333333 0.025764895330112725 0.15199999999999997
1 0.17431561996779388 0.5693333333333334 0.057165861513687605 0.184
1 0.2524154589371981 0.4693333333333333 0.039452495974235086 0.16000000000000003
