0 0.4585346215780999 0.5426666666666666 0.03784219001610306 0.09866666666666662
1 0.30716586151368763 0.5973333333333333 0.047504025764895375 0.17600000000000005
0 0.33977455716586147 0.5693333333333334 0.04186795491143319 0.15733333333333338
0 0.3816425120772947 0.5493333333333333 0.03220611916264088 0.10666666666666669
0 0.4005636070853462 0.54 0.023349436392914646 0.09333333333333332
0 0.41545893719806765 0.5133333333333333 0.020933977455716568 0.09866666666666662
0 0.6461352657004831 0.6666666666666667 0.10547504025764898 0.30933333333333335
0 0.5954106280193237 0.6093333333333333 0.058776167471819685 0.18933333333333324
0 0.5615942028985508 0.572 0.04911433172302737 0.14666666666666667
0 0.5322061191626409 0.46399999999999997 0.05797101449275366 0.25599999999999995
1 0.14935587761674718 0.56 0.03623188405797101 0.10666666666666658
0 0.47020933977455714 0.5266666666666666 0.027375201288244777 0.08266666666666661
