0 0.5213365539452496 0.6106666666666667 0.07809983896940426 0.2453333333333333
0 0.605877616747182 0.5506666666666666 0.044283413848631215 0.16266666666666668
0 0.567230273752013 0.5306666666666666 0.023349436392914646 0.10133333333333339
0 0.5487117552334944 0.52 0.020128824476650653 0.07466666666666666
1 0.09017713365539452 0.6853333333333333 0.08856682769726246 0.272
1 0.4078099838969404 0.5253333333333333 0.023349436392914646 0.07466666666666666
1 0.4565217391304348 0.5066666666666666 0.016103059581320467 0.053333333333333344
1 0.48510466988727863 0.496 0.013687600644122389 0.04266666666666663
1 0.2882447665056361 0.5533333333333333 0.032206119162640934 0.09866666666666668
1 0.3285024154589372 0.532 0.025764895330112725 0.09866666666666668
1 0.3723832528180354 0.5213333333333333 0.020128824476650542 0.06666666666666665
1 0.41747181964573266 0.512 0.01529790660225444 0.04800000000000004
1 0.1855877616747182 0.5493333333333333 0.028180354267310775 0.10133333333333333
1 0.1682769726247987 0.5333333333333333 0.020933977455716568 0.07466666666666666
