0 0.4943639291465378 0.524 0.03703703703703698 0.1146666666666667
0 0.7081320450885669 0.648 0.10064412238325282 0.3413333333333333
1 0.3824476650563607 0.516 0.024154589371980673 0.06666666666666665
0 0.5805152979066023 0.532 0.03703703703703698 0.15199999999999997
0 0.5503220611916264 0.516 0.028180354267310692 0.10399999999999993
0 0.5277777777777777 0.488 0.020128824476650542 0.09066666666666667
1 0.34782608695652173 0.5013333333333334 0.020933977455716568 0.06933333333333336
1 0.3655394524959742 0.496 0.01771336553945252 0.058666666666666645
1 0.4057971014492754 0.488 0.012882447665056362 0.037333333333333385
1 0.32648953301127215 0.49866666666666665 0.013687600644122389 0.053333333333333344
