0 0.47624798711755234 0.544 0.04589371980676327 0.12266666666666659
0 0.3317230273752013 0.6479999999999999 0.08695652173913043 0.2506666666666667
1 0.2757648953301127 0.616 0.061996779388083706 0.21333333333333337
1 0.35909822866344604 0.544 0.03059581320450888 0.11733333333333335
0 0.43438003220611915 0.5146666666666667 0.02657004830917875 0.07466666666666671
1 0.41666666666666663 0.5026666666666667 0.01529790660225444 0.06666666666666671
0 0.7238325281803543 0.704 0.12238325281803553 0.43200000000000005
0 0.5402576489533011 0.5306666666666666 0.03542673107890504 0.10666666666666663
0 0.534621578099839 0.45599999999999996 0.04508856682769724 0.1973333333333333
1 0.1219806763285024 0.544 0.0394524959742351 0.10666666666666674
0 0.47946859903381644 0.5133333333333333 0.0297906602254428 0.08800000000000002
