0 0.5 0.5640000000000001 0.05797101449275366 0.15200000000000002
0 0.6634460547504026 0.5599999999999999 0.0966183574879228 0.36266666666666664
1 0.1606280193236715 0.5093333333333333 0.045893719806763295 0.16533333333333328
0 0.35104669887278583 0.56 0.054750402576489554 0.21866666666666668
0 0.37721417069243157 0.5506666666666666 0.03945249597423511 0.15733333333333333
0 0.4053945249597424 0.5493333333333333 0.03140096618357485 0.1333333333333333
0 0.427536231884058 0.5173333333333333 0.025764895330112725 0.10666666666666663
0 0.45088566827697263 0.4973333333333333 0.01449275362318836 0.0666666666666666
0 0.5877616747181964 0.5386666666666666 0.04186795491143325 0.1173333333333334
0 0.568035426731079 0.512 0.03301127214170696 0.10666666666666669
0 0.48993558776167473 0.5213333333333333 0.03301127214170696 0.09866666666666668
1 0.22665056360708535 0.5 0.03140096618357488 0.08800000000000002
