0 0.5040257648953301 0.56 0.0531400966183575 0.1653333333333334
0 0.6719001610305959 0.604 0.07165861513687599 0.2746666666666666
0 0.5905797101449275 0.5506666666666666 0.04267310789049927 0.15733333333333333
1 0.2427536231884058 0.5906666666666667 0.061996779388083734 0.2
1 0.12077294685990338 0.584 0.05636070853462158 0.21333333333333332
1 0.39533011272141705 0.5226666666666666 0.03220611916264088 0.08533333333333337
1 0.4746376811594203 0.488 0.015297906602254385 0.058666666666666645
1 0.27093397745571657 0.5386666666666666 0.033011272141706904 0.11199999999999999
1 0.36795491143317227 0.5186666666666666 0.022544283413848676 0.07199999999999995
0 0.536634460547504 0.4866666666666667 0.013687600644122333 0.04533333333333328
1 0.1674718196457327 0.5453333333333333 0.032206119162640906 0.10933333333333334
