0 0.49476650563607083 0.5293333333333333 0.03623188405797095 0.1146666666666667
0 0.7628824476650564 0.7 0.14573268921095017 0.5413333333333333
0 0.6851851851851851 0.6266666666666667 0.08373590982286638 0.2986666666666667
0 0.6227858293075684 0.5800000000000001 0.05555555555555558 0.21066666666666667
1 0.40780998389694045 0.5106666666666667 0.018518518518518545 0.05066666666666669
1 0.2934782608695652 0.58 0.04428341384863127 0.1413333333333333
0 0.5603864734299517 0.5266666666666666 0.027375201288244777 0.12
0 0.5418679549114331 0.5133333333333333 0.024154589371980673 0.08800000000000002
0 0.5245571658615137 0.488 0.0185185185185186 0.08000000000000002
1 0.36231884057971014 0.5013333333333333 0.019323671497584516 0.064
1 0.3780193236714976 0.5013333333333334 0.01529790660225444 0.053333333333333344
1 0.3413848631239935 0.49866666666666665 0.012882447665056362 0.04799999999999993
