1 0.07608695652173912 0.748 0.10547504025764895 0.32800000000000007
1 0.23309178743961353 0.6426666666666667 0.06521739130434784 0.20800000000000007
1 0.3079710144927536 0.5986666666666667 0.050724637681159424 0.1413333333333333
0 0.8723832528180354 0.4826666666666667 0.03623188405797095 0.19733333333333336
1 0.7173913043478262 0.47200000000000003 0.020933977455716568 0.17600000000000005
1 0.676731078904992 0.47733333333333333 0.015297906602254496 0.15466666666666662
1 0.6364734299516908 0.4826666666666667 0.010466988727858229 0.12799999999999995
1 0.36070853462157815 0.5573333333333333 0.03542673107890498 0.10666666666666669
0 0.5797101449275363 0.5346666666666666 0.04347826086956519 0.136
0 0.5599838969404187 0.5213333333333333 0.03462157809983901 0.11466666666666664
