0 0.5048309178743962 0.5413333333333333 0.0499194847020934 0.1333333333333333
0 0.3856682769726248 0.5826666666666667 0.04669887278582929 0.19999999999999996
0 0.4057971014492754 0.5333333333333333 0.03220611916264088 0.12800000000000006
0 0.4243156199677939 0.5173333333333333 0.027375201288244777 0.11200000000000004
0 0.44082125603864736 0.5026666666666667 0.021739130434782594 0.08266666666666672
0 0.464975845410628 0.4706666666666667 0.016908212560386493 0.09333333333333332
0 0.7576489533011272 0.6613333333333333 0.0998389694041868 0.29333333333333333
0 0.6582125603864735 0.5906666666666667 0.06360708534621573 0.17866666666666675
0 0.6195652173913043 0.5333333333333333 0.052334943639291476 0.16533333333333333
1 0.08977455716586151 0.5920000000000001 0.07004830917874397 0.2346666666666667
1 0.21457326892109502 0.548 0.04911433172302737 0.16266666666666663
0 0.501610305958132 0.5026666666666666 0.028985507246376774 0.08799999999999997
1 0.2725442834138486 0.5293333333333333 0.03945249597423511 0.13066666666666665
