0 0.5032206119162641 0.5626666666666666 0.06119162640901776 0.19199999999999995
0 0.6694847020933977 0.5680000000000001 0.10064412238325282 0.38933333333333336
0 0.5905797101449275 0.536 0.04589371980676327 0.17066666666666663
0 0.5491143317230274 0.496 0.02093397745571668 0.08533333333333332
0 0.5350241545893719 0.49066666666666664 0.013687600644122333 0.06399999999999995
1 0.07729468599033816 0.5800000000000001 0.06441223832528181 0.21066666666666667
1 0.1356682769726248 0.5226666666666666 0.107085346215781 0.4746666666666667
1 0.20571658615136876 0.552 0.041062801932367166 0.14400000000000002
1 0.2773752012882448 0.5373333333333333 0.03140096618357491 0.08800000000000002
1 0.35748792270531404 0.5053333333333334 0.020933977455716624 0.06133333333333335
1 0.37640901771336555 0.49333333333333335 0.01851851851851849 0.06933333333333336
1 0.3993558776167472 0.488 0.01449275362318836 0.04799999999999999
1 0.4303542673107891 0.4826666666666667 0.012077294685990336 0.037333333333333274
0 0.9806763285024154 0.5293333333333333 0.025764895330112725 0.09866666666666668
1 0.13808373590982287 0.5386666666666666 0.02979066022544284 0.1173333333333334
