0 0.5064412238325282 0.5413333333333333 0.04991948470209345 0.1333333333333333
0 0.2914653784219002 0.6373333333333333 0.09017713365539451 0.32
0 0.4154589371980676 0.5413333333333333 0.03381642512077293 0.14399999999999996
0 0.4243156199677939 0.512 0.025764895330112725 0.10666666666666669
0 0.4384057971014493 0.5053333333333334 0.023349436392914646 0.09333333333333338
0 0.47061191626409016 0.45866666666666667 0.01529790660225444 0.08533333333333332
0 0.8373590982286634 0.6773333333333333 0.140096618357488 0.45333333333333337
0 0.6666666666666667 0.5826666666666667 0.06602254428341381 0.18933333333333335
0 0.6187600644122383 0.5493333333333333 0.04750402576489532 0.1333333333333333
0 0.5986312399355878 0.5093333333333333 0.04267310789049916 0.1333333333333333
1 0.27979066022544286 0.5173333333333333 0.03784219001610306 0.12800000000000006
0 0.5044283413848631 0.49466666666666664 0.0297906602254428 0.08799999999999997
1 0.10587761674718196 0.5973333333333333 0.0748792270531401 0.21866666666666668
