0 0.7809983896940419 0.7666666666666666 0.1497584541062802 0.46133333333333326
1 0.19082125603864736 0.764 0.13043478260869568 0.3866666666666667
1 0.32286634460547503 0.6226666666666667 0.06924315619967791 0.22133333333333327
1 0.3711755233494364 0.5866666666666667 0.0531400966183575 0.15466666666666673
0 0.6409017713365539 0.6026666666666667 0.07568438003220612 0.2293333333333334
0 0.5954106280193237 0.556 0.050724637681159424 0.15733333333333338
0 0.81682769726248 0.5 0.015297906602254385 0.15199999999999997
0 0.537842190016103 0.5133333333333333 0.02254428341384862 0.07200000000000001
0 0.49798711755233493 0.512 0.01529790660225444 0.04800000000000004
1 0.4553140096618358 0.49733333333333335 0.00724637681159418 0.04533333333333334
