0 0.4939613526570048 0.56 0.04267310789049916 0.11199999999999999
0 0.20491143317230276 0.7306666666666667 0.14251207729468598 0.45333333333333337
0 0.3438003220611916 0.604 0.0547504025764895 0.19999999999999996
0 0.3969404186795491 0.516 0.05152979066022545 0.26933333333333326
0 0.4146537842190016 0.5586666666666666 0.024154589371980673 0.1146666666666667
0 0.5330112721417068 0.4986666666666667 0.024154589371980673 0.09066666666666673
0 0.4915458937198068 0.5266666666666666 0.02657004830917875 0.08266666666666661
0 0.4335748792270531 0.536 0.021739130434782594 0.13333333333333336
1 0.04750402576489533 0.5760000000000001 0.043478260869565216 0.128
1 0.11996779388083736 0.6106666666666667 0.07729468599033817 0.21866666666666668
1 0.23349436392914652 0.5613333333333334 0.04669887278582929 0.15199999999999997
1 0.27657004830917875 0.49466666666666664 0.03623188405797101 0.1466666666666666
