1 0.3397745571658615 0.4706666666666667 0.027375201288244777 0.11999999999999994
0 0.3747987117552335 0.47866666666666663 0.021739130434782594 0.08799999999999997
0 0.42391304347826086 0.47333333333333333 0.021739130434782594 0.07733333333333337
1 0.5487117552334944 0.45866666666666667 0.0185185185185186 0.09600000000000003
0 0.5656199677938809 0.46399999999999997 0.013687600644122333 0.064
0 0.6014492753623188 0.45866666666666667 0.012882447665056418 0.06933333333333336
0 0.6304347826086957 0.4666666666666667 0.011272141706924366 0.053333333333333344
0 0.6469404186795491 0.4666666666666667 0.012077294685990392 0.053333333333333344
0 0.6690821256038647 0.46799999999999997 0.011272141706924366 0.05066666666666669
1 0.6932367149758454 0.4613333333333333 0.011272141706924366 0.053333333333333344
1 0.7310789049919485 0.44666666666666666 0.009661835748792313 0.07200000000000001
1 0.7475845410628019 0.45333333333333337 0.007246376811594235 0.04799999999999999
1 0.7620772946859904 0.45599999999999996 0.007246376811594124 0.042666666666666686
