0 0.7322866344605475 0.6733333333333333 0.1473429951690821 0.504
0 0.1859903381642512 0.7013333333333334 0.06441223832528181 0.3893333333333333
0 0.24074074074074076 0.62 0.03864734299516906 0.2853333333333334
0 0.2898550724637681 0.592 0.024154589371980673 0.25599999999999995
0 0.6268115942028984 0.5906666666666667 0.0748792270531401 0.22133333333333338
0 0.33293075684380036 0.54 0.013687600644122389 0.21066666666666667
0 0.37399355877616747 0.5333333333333333 0.01046698872785834 0.15466666666666667
0 0.41626409017713367 0.4906666666666667 0.0032206119162641045 0.10666666666666669
0 0.5434782608695652 0.5133333333333334 0.03059581320450888 0.09333333333333338
0 0.5841384863123994 0.552 0.05394524959742353 0.1653333333333334
0 0.5277777777777777 0.492 0.0249597423510467 0.07733333333333331
