0 0.48953301127214166 0.5493333333333333 0.04669887278582924 0.1226666666666667
0 0.32971014492753625 0.588 0.04911433172302737 0.1946666666666667
0 0.36231884057971014 0.5773333333333333 0.03864734299516903 0.15200000000000002
1 0.3780193236714976 0.54 0.029790660225442855 0.1146666666666667
0 0.428341384863124 0.556 0.043478260869565244 0.10399999999999998
0 0.6610305958132046 0.5413333333333333 0.1127214170692431 0.44799999999999995
0 0.5780998389694042 0.5546666666666666 0.0531400966183575 0.14933333333333332
0 0.5197262479871176 0.5053333333333333 0.01851851851851849 0.055999999999999994
1 0.11674718196457326 0.6040000000000001 0.0644122383252818 0.17866666666666664
1 0.20169082125603865 0.532 0.06038647342995168 0.21600000000000003
0 0.48993558776167473 0.5226666666666666 0.03140096618357491 0.09599999999999997
1 0.09098228663446054 0.556 0.040257648953301126 0.12
