0 0.6152296535052377 0.586436170212766 0.06365834004834814 0.18882978723404253
0 0.25624496373892025 0.6409574468085106 0.10475423045930701 0.3404255319148936
0 0.5338436744560837 0.5066489361702128 0.026591458501208698 0.0771276595744681
0 0.35495568090249796 0.5651595744680851 0.05721192586623686 0.17287234042553185
0 0.24818694601128125 0.5598404255319149 0.04512489927477842 0.13563829787234039
0 0.3174858984689766 0.535904255319149 0.030620467365028214 0.09308510638297879
0 0.3537469782433521 0.5026595744680851 0.024174053182917044 0.09042553191489361
0 0.4246575342465754 0.5106382978723404 0.022562449637389237 0.06382978723404248
0 0.3811442385173247 0.4933510638297872 0.022562449637389237 0.0771276595744681
0 0.43553585817888796 0.49867021276595747 0.01853344077356972 0.050531914893617025
0 0.483883964544722 0.5013297872340425 0.021756647864625278 0.0664893617021276
0 0.5044319097502015 0.4893617021276596 0.011281224818694646 0.03723404255319146
