1 0.8470209339774557 0.64 0.12399355877616747 0.72
1 0.286634460547504 0.6026666666666667 0.07890499194847023 0.2293333333333334
1 0.30152979066022545 0.656 0.12640901771336555 0.37333333333333335
0 0.855877616747182 0.43866666666666665 0.03059581320450888 0.10933333333333334
0 0.9730273752012882 0.4186666666666667 0.03623188405797095 0.128
0 0.8977455716586151 0.44266666666666665 0.03059581320450877 0.10133333333333333
1 0.37721417069243157 0.5426666666666666 0.03784219001610306 0.10400000000000004
1 0.34057971014492755 0.568 0.05152979066022545 0.15466666666666667
1 0.5615942028985508 0.5053333333333334 0.03140096618357491 0.09333333333333338
0 0.499194847020934 0.5093333333333334 0.022544283413848676 0.06933333333333336
0 0.46658615136876 0.4746666666666667 0.008856682769726232 0.042666666666666686
