0 0.4971819645732689 0.524 0.0346215780998389 0.10933333333333334
0 0.7322866344605475 0.6426666666666667 0.11030595813204513 0.368
0 0.6409017713365539 0.5906666666666667 0.07407407407407407 0.24266666666666664
0 0.6006441223832528 0.5586666666666666 0.054750402576489554 0.21066666666666672
0 0.5845410628019323 0.5426666666666666 0.0434782608695653 0.15733333333333327
0 0.5660225442834139 0.5266666666666667 0.03059581320450888 0.14133333333333337
0 0.5555555555555556 0.512 0.02254428341384862 0.09600000000000003
1 0.4210950080515298 0.5053333333333333 0.016103059581320467 0.05066666666666664
0 0.536634460547504 0.5 0.015297906602254385 0.07200000000000001
0 0.5261674718196457 0.4933333333333333 0.015297906602254496 0.05866666666666659
0 0.5197262479871175 0.4826666666666667 0.013687600644122444 0.0586666666666667
1 0.3965378421900161 0.4933333333333333 0.01529790660225444 0.04799999999999999
1 0.37721417069243157 0.49066666666666664 0.010466988727858284 0.03733333333333333
