0 0.49476650563607083 0.5266666666666666 0.03623188405797095 0.11466666666666664
0 0.7347020933977455 0.6599999999999999 0.11191626409017708 0.376
0 0.6485507246376812 0.5986666666666667 0.068438003220612 0.248
1 0.39895330112721417 0.5053333333333333 0.020128824476650542 0.055999999999999994
1 0.2363123993558776 0.6026666666666667 0.05877616747181966 0.18133333333333335
0 0.567632850241546 0.524 0.03059581320450888 0.1306666666666667
0 0.5450885668276972 0.5106666666666667 0.025764895330112725 0.09333333333333332
0 0.5253623188405797 0.488 0.0185185185185186 0.08533333333333326
1 0.356280193236715 0.4973333333333333 0.020128824476650597 0.0666666666666666
1 0.3723832528180354 0.4973333333333333 0.016908212560386493 0.055999999999999994
1 0.4086151368760065 0.48533333333333334 0.012077294685990336 0.03733333333333333
1 0.33534621578099844 0.4946666666666667 0.013687600644122389 0.05066666666666669
