0 0.41579371474617244 0.5106382978723404 0.016116035455277955 0.047872340425531845
0 0.45930701047542305 0.5545212765957447 0.053182917002417396 0.16223404255319146
0 0.37308622078968573 0.5505319148936171 0.04673650282030617 0.14361702127659576
0 0.1986301369863014 0.5824468085106382 0.062046736502820304 0.16489361702127658
0 0.10676873489121677 0.574468085106383 0.057211925866236926 0.14893617021276595
0 0.28283642224012895 0.5398936170212766 0.032232070910555966 0.0957446808510638
0 0.18331990330378728 0.5226063829787234 0.04270749395648671 0.14095744680851063
0 0.31023368251410155 0.523936170212766 0.025785656728444795 0.07446808510638298
0 0.2429492344883159 0.5252659574468085 0.023368251410153112 0.0664893617021276
0 0.3380338436744561 0.4893617021276596 0.021756647864625334 0.09574468085106386
