0 0.4975845410628019 0.524 0.040257648953301084 0.12533333333333335
1 0.24557165861513686 0.5960000000000001 0.05958132045088568 0.16266666666666663
0 0.681964573268921 0.6093333333333334 0.08856682769726254 0.3226666666666667
0 0.5933977455716586 0.5453333333333333 0.048309178743961345 0.17333333333333334
0 0.5829307568438002 0.5333333333333333 0.03703703703703709 0.14399999999999996
0 0.5789049919484701 0.512 0.032206119162640934 0.1333333333333333
0 0.5446859903381642 0.48933333333333334 0.028180354267310803 0.12
0 0.5342190016103059 0.49733333333333335 0.01851851851851849 0.07733333333333337
0 0.5233494363929146 0.4826666666666667 0.012882447665056418 0.05333333333333329
1 0.3136070853462158 0.512 0.02657004830917875 0.09066666666666667
1 0.4303542673107891 0.4653333333333334 0.018518518518518545 0.08266666666666672
1 0.3413848631239936 0.5066666666666667 0.020933977455716568 0.07466666666666671
1 0.3643317230273752 0.504 0.01851851851851849 0.05333333333333329
1 0.3977455716586151 0.488 0.014492753623188415 0.04266666666666663
1 0.2934782608695652 0.504 0.016908212560386493 0.06400000000000006
1 0.09460547504025765 0.5146666666666667 0.02818035426731079 0.07466666666666671
