0 0.5020128824476651 0.5266666666666666 0.04911433172302737 0.13066666666666665
0 0.3506441223832528 0.6053333333333333 0.06521739130434778 0.2613333333333333
0 0.38647342995169087 0.524 0.03864734299516909 0.15199999999999997
0 0.4098228663446055 0.5146666666666666 0.03220611916264088 0.128
0 0.4319645732689211 0.4933333333333333 0.023349436392914702 0.09066666666666662
0 0.4593397745571659 0.456 0.018518518518518545 0.10133333333333339
0 0.8888888888888888 0.744 0.15136876006441224 0.44266666666666676
0 0.7008856682769726 0.6106666666666667 0.0813204508856682 0.2293333333333334
0 0.6396940418679549 0.5346666666666666 0.06199677938808368 0.20000000000000007
1 0.14210950080515297 0.5506666666666666 0.055555555555555566 0.19999999999999996
0 0.49838969404186795 0.48666666666666664 0.028985507246376774 0.08799999999999997
1 0.23027375201288247 0.5266666666666666 0.04669887278582932 0.15200000000000002
