0 0.45044319097502017 0.5093085106382979 0.01611603545527801 0.04521276595744678
0 0.5435132957292506 0.589095744680851 0.07010475423045925 0.2154255319148936
0 0.17082997582594683 0.651595744680851 0.09347300564061242 0.25
0 0.08098307816277195 0.5625 0.0781627719580983 0.24202127659574463
0 0.2763900080580177 0.586436170212766 0.05640612409347301 0.15691489361702127
0 0.4250604351329573 0.538563829787234 0.03787268331990329 0.11968085106382981
0 0.3130539887187752 0.5452127659574468 0.0410958904109589 0.11170212765957449
0 0.233682514101531 0.5465425531914894 0.04190169218372283 0.10904255319148937
0 0.34971796937953264 0.5252659574468085 0.024174053182916988 0.0718085106382979
0 0.26954069298952454 0.511968085106383 0.03303787268331987 0.10904255319148942
0 0.3622078968573731 0.5146276595744681 0.02014504431909747 0.061170212765957466
0 0.37912973408541495 0.49069148936170215 0.01853344077356972 0.08244680851063829
