0 0.4161966156325544 0.5106382978723404 0.015310233682514052 0.047872340425531845
0 0.4500402900886382 0.5531914893617021 0.05076551168412574 0.1542553191489362
0 0.3605962933118453 0.5558510638297872 0.050765511684125686 0.15425531914893614
0 0.1579371474617244 0.5997340425531915 0.072522159548751 0.18882978723404253
0 0.0676873489121676 0.5877659574468086 0.064464141821112 0.16489361702127658
0 0.2683319903303787 0.5465425531914894 0.03545527800161158 0.10372340425531917
0 0.16317485898468975 0.5265957446808511 0.045930701047542294 0.14893617021276595
0 0.30338436744560837 0.5265957446808511 0.028203062046736505 0.07978723404255322
0 0.23327961321514906 0.5305851063829787 0.02497985495568092 0.0718085106382979
0 0.33521353746978244 0.49069148936170215 0.02256244963738918 0.09840425531914893
