0 0.4025764895330113 0.5373333333333333 0.054750402576489554 0.19999999999999996
0 0.18357487922705312 0.5786666666666667 0.05797101449275363 0.15466666666666673
0 0.07125603864734299 0.5613333333333334 0.0571658615136876 0.21600000000000003
0 0.3280998389694042 0.52 0.03784219001610306 0.10666666666666669
0 0.5885668276972624 0.5226666666666666 0.04508856682769735 0.13866666666666666
0 0.4392109500805153 0.48666666666666664 0.028180354267310803 0.08799999999999997
1 0.47383252818035426 0.456 0.0249597423510467 0.11199999999999999
0 0.6400966183574879 0.5146666666666666 0.0434782608695653 0.14400000000000002
0 0.713365539452496 0.528 0.0434782608695653 0.1226666666666667
1 0.43478260869565216 0.44266666666666665 0.03059581320450888 0.15999999999999992
