0 0.5088566827697263 0.5693333333333334 0.05314009661835756 0.16799999999999998
0 0.6799516908212561 0.6013333333333334 0.08615136876006435 0.2906666666666667
0 0.5869565217391304 0.5453333333333333 0.032206119162640934 0.13599999999999995
0 0.5555555555555556 0.532 0.025764895330112725 0.09866666666666668
1 0.3607085346215781 0.5453333333333333 0.033816425120772986 0.1146666666666667
1 0.42592592592592593 0.5173333333333333 0.02254428341384862 0.07466666666666666
1 0.2000805152979066 0.584 0.04589371980676327 0.1333333333333333
1 0.2689210950080515 0.5466666666666666 0.03381642512077293 0.128
1 0.46980676328502413 0.5026666666666666 0.016908212560386493 0.04533333333333334
1 0.33735909822866345 0.528 0.024154589371980673 0.07999999999999996
1 0.3977455716586151 0.5186666666666666 0.017713365539452464 0.055999999999999994
1 0.05193236714975845 0.5746666666666667 0.039452495974235106 0.1413333333333333
1 0.06602254428341385 0.544 0.025764895330112725 0.09599999999999997
0 0.5326086956521738 0.4946666666666667 0.015297906602254385 0.040000000000000036
