0 0.4943593875906527 0.5159574468085106 0.016921837228041914 0.0478723404255319
0 0.09790491539081386 0.7300531914893618 0.14262691377921033 0.4441489361702128
0 0.6760676873489122 0.6595744680851064 0.11281224818694602 0.34574468085106386
0 0.314262691377921 0.5877659574468085 0.058017727639000816 0.15957446808510634
0 0.20829975825946817 0.5465425531914894 0.05721192586623691 0.18882978723404253
0 0.363013698630137 0.5598404255319149 0.0410958904109589 0.11436170212765961
0 0.467767929089444 0.5319148936170213 0.034649476228847675 0.10638297872340424
0 0.298146655922643 0.538563829787234 0.03545527800161158 0.09840425531914893
0 0.40290088638195004 0.523936170212766 0.020950846091861375 0.06382978723404253
0 0.3295729250604351 0.511968085106383 0.029008863819500408 0.09840425531914898
0 0.4210314262691378 0.4906914893617021 0.016921837228041914 0.07180851063829785
