0 0.46256038647342995 0.5453333333333333 0.037842190016103006 0.09866666666666668
1 0.2914653784219002 0.6146666666666667 0.0531400966183575 0.19466666666666665
0 0.32971014492753625 0.58 0.04589371980676332 0.17333333333333328
0 0.3816425120772947 0.5546666666666666 0.03542673107890498 0.11200000000000004
0 0.4001610305958132 0.5453333333333333 0.024154589371980673 0.09866666666666668
0 0.41747181964573266 0.516 0.02173913043478265 0.10399999999999993
0 0.6871980676328502 0.712 0.1312399355877617 0.384
0 0.6167471819645733 0.6293333333333333 0.06763285024154586 0.21866666666666668
0 0.5756843800322061 0.5826666666666667 0.054750402576489554 0.16266666666666674
0 0.5402576489533011 0.4653333333333334 0.06119162640901765 0.27466666666666667
1 0.13325281803542674 0.5693333333333334 0.037842190016103075 0.1146666666666667
0 0.47705314009661837 0.5293333333333333 0.02657004830917875 0.08266666666666667
