0 0.4967793880837359 0.5226666666666666 0.033816425120772875 0.10666666666666663
0 0.8140096618357489 0.7053333333333334 0.1626409017713365 0.504
0 0.6743156199677939 0.6226666666666667 0.09420289855072461 0.30133333333333334
0 0.6195652173913044 0.5746666666666667 0.06521739130434778 0.248
0 0.5966183574879227 0.5533333333333333 0.0499194847020934 0.1786666666666667
0 0.5740740740740741 0.5306666666666666 0.033816425120772875 0.16000000000000003
0 0.5595813204508857 0.5146666666666667 0.024154589371980673 0.10133333333333333
1 0.4146537842190016 0.5106666666666666 0.017713365539452464 0.05599999999999994
0 0.539049919484702 0.5 0.016908212560386437 0.07733333333333331
0 0.5273752012882448 0.4946666666666667 0.016103059581320522 0.061333333333333295
0 0.5209339774557166 0.48133333333333334 0.01449275362318847 0.06133333333333335
1 0.39291465378421897 0.4933333333333333 0.014492753623188415 0.04799999999999999
1 0.37318840579710144 0.49066666666666664 0.010466988727858284 0.03733333333333333
