0 0.49798711755233493 0.5293333333333333 0.04106280193236711 0.13066666666666665
1 0.1570048309178744 0.6493333333333333 0.08212560386473429 0.22666666666666668
0 0.7306763285024154 0.6493333333333333 0.11674718196457323 0.40800000000000003
0 0.6078904991948471 0.5599999999999999 0.056360708534621606 0.1973333333333333
0 0.5938003220611916 0.5426666666666666 0.04106280193236711 0.15733333333333327
0 0.5865539452495974 0.52 0.036231884057971064 0.14399999999999996
0 0.5495169082125604 0.49333333333333335 0.029790660225442744 0.128
0 0.536634460547504 0.5 0.020128824476650542 0.08266666666666667
0 0.5249597423510467 0.488 0.012882447665056418 0.0533333333333334
1 0.30394524959742353 0.5173333333333333 0.028180354267310803 0.09600000000000003
1 0.4255233494363929 0.4693333333333334 0.020128824476650542 0.09066666666666673
1 0.33494363929146537 0.5133333333333334 0.02254428341384862 0.07733333333333337
1 0.35990338164251207 0.5093333333333334 0.019323671497584516 0.053333333333333344
1 0.39492753623188404 0.49466666666666664 0.01529790660225444 0.04533333333333334
1 0.285829307568438 0.508 0.017713365539452464 0.06666666666666665
1 0.0748792270531401 0.5186666666666666 0.030595813204508854 0.07733333333333337
