0 0.14009661835748793 0.6759999999999999 0.06602254428341384 0.3866666666666666
1 0.05676328502415459 0.6573333333333333 0.06038647342995169 0.29600000000000004
0 0.2922705314009662 0.6013333333333333 0.024154589371980673 0.23733333333333329
1 0.20893719806763283 0.5813333333333333 0.021739130434782622 0.18666666666666665
1 0.6115136876006442 0.5933333333333333 0.013687600644122333 0.16800000000000004
1 0.3252818035426731 0.552 0.008051529790660261 0.09599999999999997
0 0.4166666666666667 0.552 0.004025764895330131 0.08533333333333337
0 0.5289855072463767 0.548 0.025764895330112725 0.07733333333333337
0 0.5124798711755234 0.528 0.01851851851851849 0.053333333333333344
0 0.4971819645732689 0.49866666666666665 0.012077294685990336 0.04799999999999993
