0 0.48590982286634465 0.5733333333333333 0.047504025764895375 0.128
1 0.2250402576489533 0.6466666666666667 0.08293075684380033 0.2853333333333333
0 0.3115942028985507 0.732 0.12882447665056362 0.30666666666666664
0 0.3784219001610306 0.6253333333333333 0.07085346215780997 0.21066666666666667
0 0.39814814814814814 0.5866666666666667 0.050724637681159424 0.14933333333333332
1 0.35426731078904994 0.5680000000000001 0.03381642512077293 0.13333333333333341
0 0.4440418679549114 0.5293333333333333 0.02173913043478265 0.061333333333333406
0 0.681964573268921 0.7226666666666666 0.11916264090177131 0.30933333333333335
0 0.6038647342995169 0.5973333333333334 0.05797101449275366 0.20800000000000002
0 0.5297906602254427 0.5453333333333333 0.027375201288244777 0.08266666666666667
0 0.5265700483091788 0.48000000000000004 0.03703703703703698 0.16000000000000003
1 0.20933977455716585 0.5426666666666666 0.030595813204508854 0.08266666666666667
0 0.4806763285024155 0.5386666666666666 0.030595813204508826 0.09066666666666662
1 0.09219001610305957 0.5546666666666666 0.0394524959742351 0.11733333333333329
