1 0.8715780998389695 0.544 0.07326892109500804 0.2613333333333333
1 0.7999194847020934 0.5253333333333333 0.05555555555555558 0.21866666666666673
1 0.749194847020934 0.5266666666666666 0.04750402576489532 0.16800000000000004
1 0.7198067632850241 0.5053333333333333 0.03703703703703698 0.1413333333333333
0 0.7673107890499195 0.7 0.15780998389694045 0.4826666666666667
0 0.644122383252818 0.6106666666666667 0.07890499194847023 0.21333333333333337
1 0.31280193236714976 0.6253333333333333 0.0780998389694042 0.2746666666666667
1 0.3780193236714976 0.556 0.061996779388083734 0.23200000000000004
0 0.7081320450885669 0.49733333333333335 0.01207729468599028 0.1253333333333334
1 0.42069243156199676 0.56 0.04267310789049922 0.14400000000000002
1 0.43317230273752017 0.5413333333333333 0.03542673107890498 0.11200000000000004
0 0.5273752012882448 0.45733333333333337 0.04669887278582929 0.18933333333333335
