1 0.2894524959742351 0.4746666666666667 0.03140096618357491 0.12799999999999995
0 0.3285024154589372 0.484 0.024154589371980673 0.09333333333333327
0 0.3816425120772947 0.47733333333333333 0.024154589371980728 0.07999999999999996
1 0.5128824476650564 0.46266666666666667 0.019323671497584516 0.09866666666666668
0 0.5301932367149759 0.46799999999999997 0.013687600644122444 0.06666666666666665
0 0.56682769726248 0.4613333333333334 0.012882447665056307 0.0693333333333333
0 0.5958132045088567 0.4693333333333333 0.011272141706924366 0.053333333333333344
0 0.6123188405797102 0.4693333333333333 0.01207729468599028 0.053333333333333344
0 0.6348631239935587 0.4706666666666667 0.010466988727858229 0.05066666666666664
1 0.6590177133655395 0.4666666666666667 0.010466988727858229 0.053333333333333344
1 0.6956521739130435 0.448 0.009661835748792313 0.07466666666666666
1 0.711352657004831 0.45733333333333337 0.007246376811594124 0.05066666666666669
1 0.7242351046698873 0.4573333333333333 0.007246376811594235 0.04533333333333334
