0 0.6273166800966963 0.6117021276595744 0.07332796132151487 0.21808510638297873
0 0.0652699435938759 0.613031914893617 0.08380338436744561 0.27393617021276595
0 0.25705076551168415 0.6515957446808511 0.10153102336825143 0.30319148936170215
0 0.37751813053988714 0.5452127659574468 0.04593070104754232 0.1489361702127659
0 0.5551974214343272 0.5319148936170213 0.038678485092667136 0.11170212765957444
0 0.40531829170024175 0.5319148936170213 0.03384367445608383 0.1010638297872341
0 0.32473811442385175 0.5305851063829787 0.030620467365028214 0.09308510638297873
0 0.36422240128928285 0.5172872340425532 0.02256244963738918 0.0664893617021276
0 0.4343271555197421 0.5079787234042553 0.017727639000805817 0.05319148936170209
0 0.48146655922643034 0.5039893617021276 0.020145044319097527 0.06117021276595741
0 0.516921837228042 0.5026595744680851 0.015310233682514052 0.05319148936170215
0 0.5060435132957293 0.49734042553191493 0.01450443190975026 0.047872340425531956
1 0.28283642224012895 0.47074468085106386 0.019339242546333624 0.06914893617021278
