0 0.4818840579710145 0.5466666666666666 0.04589371980676332 0.12266666666666665
0 0.18438003220611915 0.7053333333333334 0.09822866344605477 0.4666666666666667
0 0.3534621578099839 0.5680000000000001 0.03864734299516909 0.16000000000000003
0 0.3784219001610306 0.56 0.03220611916264088 0.128
0 0.4315619967793881 0.5386666666666666 0.03864734299516909 0.09066666666666662
0 0.6163446054750403 0.524 0.08615136876006446 0.344
0 0.5152979066022545 0.504 0.017713365539452464 0.05333333333333329
1 0.17995169082125606 0.576 0.0539452495974235 0.14933333333333332
1 0.2387278582930757 0.52 0.052334943639291476 0.1866666666666666
0 0.48711755233494364 0.516 0.03059581320450888 0.09333333333333332
1 0.13526570048309178 0.54 0.03542673107890501 0.10399999999999998
