1 0.20048309178743962 0.7013333333333334 0.11594202898550723 0.3733333333333333
1 0.9404186795491143 0.5226666666666666 0.09017713365539459 0.27199999999999996
1 0.8079710144927537 0.536 0.06682769726247983 0.21333333333333337
1 0.7427536231884058 0.5253333333333333 0.04750402576489532 0.18133333333333335
1 0.7089371980676329 0.5146666666666667 0.03462157809983901 0.14933333333333337
1 0.680756843800322 0.5093333333333333 0.029790660225442855 0.13866666666666666
1 0.6586151368760065 0.5106666666666666 0.027375201288244777 0.11466666666666664
0 0.604669887278583 0.5720000000000001 0.06763285024154586 0.21066666666666667
0 0.5748792270531401 0.552 0.04669887278582929 0.128
1 0.3776167471819646 0.5533333333333333 0.04669887278582929 0.16266666666666674
1 0.40821256038647347 0.5186666666666667 0.04186795491143319 0.15733333333333338
0 0.6521739130434783 0.48933333333333334 0.006441223832528209 0.09333333333333338
0 0.5112721417069244 0.45599999999999996 0.03864734299516909 0.15466666666666667
