0 0.17753623188405798 0.6453333333333333 0.05233494363929145 0.34133333333333327
1 0.09380032206119163 0.6386666666666667 0.050724637681159424 0.2693333333333333
0 0.3067632850241546 0.5906666666666667 0.020933977455716624 0.22133333333333338
1 0.2250402576489533 0.5626666666666666 0.018518518518518545 0.17599999999999993
1 0.605877616747182 0.5733333333333334 0.012077294685990392 0.15999999999999998
1 0.3305152979066023 0.5346666666666666 0.00724637681159418 0.09333333333333338
0 0.4194847020933977 0.5346666666666666 0.003220611916264049 0.08266666666666661
0 0.5285829307568437 0.5306666666666666 0.0249597423510467 0.0746666666666666
0 0.5136876006441224 0.5146666666666666 0.017713365539452464 0.053333333333333344
0 0.49838969404186795 0.484 0.01127214170692431 0.04533333333333339
