0 0.5052334943639292 0.556 0.050724637681159424 0.136
0 0.2359098228663446 0.7226666666666667 0.13365539452495975 0.4586666666666666
0 0.3723832528180354 0.5893333333333333 0.05716586151368763 0.21866666666666668
0 0.37962962962962965 0.5533333333333333 0.04428341384863127 0.16799999999999998
0 0.44041867954911434 0.52 0.020933977455716568 0.10133333333333333
0 0.47705314009661837 0.4653333333333333 0.012077294685990336 0.07199999999999995
0 0.7793880837359097 0.696 0.11755233494363926 0.32533333333333336
0 0.6521739130434783 0.5666666666666667 0.06602254428341392 0.21066666666666672
0 0.5825281803542672 0.5266666666666666 0.03301127214170696 0.09333333333333338
0 0.572866344605475 0.5093333333333334 0.0314009661835748 0.10133333333333339
0 0.5028180354267311 0.5093333333333333 0.0297906602254428 0.09066666666666662
1 0.03663446054750402 0.52 0.05555555555555555 0.15466666666666673
