1 0.9259259259259259 0.552 0.09017713365539448 0.2986666666666667
1 0.8393719806763285 0.5386666666666666 0.06682769726247983 0.24533333333333335
1 0.7749597423510467 0.5386666666666666 0.05394524959742353 0.18666666666666665
1 0.7367149758454106 0.5306666666666666 0.04186795491143325 0.15466666666666667
0 0.6670692431561996 0.6346666666666667 0.09098228663446051 0.2453333333333333
1 0.28743961352657005 0.6613333333333333 0.09017713365539451 0.32000000000000006
1 0.3659420289855072 0.5653333333333334 0.06843800322061194 0.256
1 0.7041062801932367 0.5213333333333333 0.03301127214170696 0.13066666666666665
0 0.7202093397745571 0.5026666666666666 0.013687600644122444 0.1306666666666666
0 0.7334943639291465 0.492 0.01449275362318836 0.13066666666666665
1 0.41304347826086957 0.5626666666666666 0.04669887278582929 0.15466666666666667
1 0.42914653784219003 0.544 0.037037037037037035 0.11733333333333335
0 0.5285829307568438 0.4613333333333334 0.04750402576489532 0.19733333333333336
