1 0.8812399355877616 0.5466666666666666 0.07971014492753625 0.2773333333333334
1 0.8023349436392915 0.5386666666666666 0.06199677938808379 0.20266666666666666
1 0.7520128824476651 0.5293333333333333 0.04669887278582929 0.16799999999999993
0 0.6956521739130435 0.6506666666666667 0.106280193236715 0.2879999999999999
1 0.2471819645732689 0.6906666666666667 0.10628019323671498 0.38400000000000006
1 0.34822866344605474 0.568 0.07648953301127215 0.288
1 0.7161835748792271 0.516 0.036231884057971064 0.1413333333333333
0 0.7322866344605474 0.4946666666666667 0.015297906602254385 0.14133333333333337
0 0.7431561996779388 0.4866666666666667 0.01610305958132041 0.13599999999999995
1 0.4053945249597424 0.5613333333333334 0.050724637681159424 0.16799999999999998
1 0.4243156199677939 0.54 0.03864734299516909 0.12533333333333335
0 0.5301932367149759 0.45866666666666667 0.04911433172302737 0.20266666666666672
