0 0.5136876006441223 0.584 0.059581320450885655 0.1866666666666667
0 0.6316425120772947 0.5733333333333334 0.058776167471819685 0.20800000000000002
0 0.5756843800322061 0.54 0.027375201288244666 0.1146666666666667
0 0.5507246376811594 0.5293333333333333 0.02254428341384873 0.08266666666666667
1 0.3140096618357488 0.5746666666666667 0.04347826086956519 0.136
1 0.41626409017713367 0.5293333333333333 0.02254428341384862 0.07733333333333331
1 0.4565217391304348 0.512 0.01771336553945252 0.05333333333333329
1 0.2532206119162641 0.5746666666666667 0.03784219001610303 0.1146666666666667
1 0.3003220611916264 0.544 0.02898550724637683 0.11199999999999999
1 0.356280193236715 0.5293333333333333 0.02173913043478265 0.07200000000000001
1 0.4094202898550725 0.5213333333333333 0.016908212560386493 0.05066666666666664
1 0.1324476650563607 0.5640000000000001 0.03301127214170692 0.12
1 0.12600644122383253 0.5413333333333333 0.02334943639291466 0.08533333333333332
