0 0.5 0.5493333333333333 0.054750402576489554 0.14399999999999996
0 0.7648953301127214 0.624 0.1529790660225443 0.5706666666666667
1 0.0640096618357488 0.524 0.060386473429951695 0.21600000000000003
0 0.3003220611916264 0.6000000000000001 0.08212560386473433 0.30933333333333335
0 0.34822866344605474 0.584 0.05394524959742353 0.20799999999999996
0 0.3864734299516908 0.5586666666666666 0.041867954911433136 0.16800000000000004
0 0.41787439613526567 0.5266666666666667 0.030595813204508826 0.12533333333333335
0 0.44806763285024154 0.4893333333333333 0.016908212560386437 0.07200000000000001
0 0.6127214170692432 0.548 0.05152979066022534 0.14133333333333337
0 0.5825281803542672 0.5226666666666666 0.03945249597423517 0.12266666666666665
0 0.49315619967793883 0.5093333333333333 0.03140096618357491 0.09600000000000003
1 0.19162640901771338 0.49333333333333335 0.03542673107890501 0.10133333333333339
