0 0.6361804995970992 0.6210106382978724 0.0813859790491539 0.23670212765957455
0 0.1281224818694601 0.5917553191489362 0.0709105560032232 0.2313829787234043
0 0.2626913779210314 0.6462765957446808 0.09830781627719584 0.29255319148936165
0 0.38235294117647056 0.5425531914893618 0.044319097502014515 0.14361702127659576
0 0.5600322320709106 0.5372340425531915 0.04190169218372275 0.12234042553191493
0 0.4057211925866237 0.5279255319148937 0.033037872683319924 0.09840425531914893
0 0.32836422240128926 0.5292553191489362 0.02981466559226431 0.09042553191489366
0 0.3654311039484287 0.5106382978723405 0.021756647864625334 0.06914893617021278
0 0.43473005640612405 0.5053191489361702 0.01853344077356972 0.05319148936170209
0 0.48267526188557613 0.5026595744680851 0.020950846091861375 0.06382978723404248
0 0.5249798549556809 0.5053191489361701 0.01692183722804197 0.058510638297872286
0 0.5088638195004029 0.4960106382978724 0.015310233682514052 0.050531914893617025
