0 0.5052334943639292 0.5693333333333334 0.06360708534621584 0.2
0 0.6932367149758454 0.5840000000000001 0.1159420289855072 0.44266666666666665
0 0.5970209339774557 0.5466666666666666 0.04911433172302737 0.1813333333333333
0 0.5511272141706924 0.5 0.021739130434782705 0.08800000000000002
0 0.5354267310789049 0.4973333333333333 0.01449275362318836 0.0666666666666666
1 0.0499194847020934 0.5880000000000001 0.06763285024154589 0.22666666666666668
1 0.19082125603864736 0.5586666666666666 0.043478260869565216 0.15200000000000002
1 0.26972624798711753 0.5506666666666666 0.03220611916264088 0.09333333333333338
1 0.355475040257649 0.5133333333333334 0.02173913043478265 0.06133333333333335
1 0.3752012882447665 0.5013333333333334 0.017713365539452464 0.06933333333333336
1 0.3993558776167472 0.4893333333333334 0.01449275362318836 0.05066666666666669
1 0.4303542673107891 0.49066666666666664 0.012077294685990336 0.03733333333333333
1 0.12359098228663445 0.5426666666666666 0.031400966183574894 0.12
