0 0.4939613526570048 0.5506666666666666 0.044283413848631215 0.12000000000000005
0 0.16505636070853463 0.7386666666666667 0.14492753623188406 0.48000000000000004
0 0.285829307568438 0.6413333333333333 0.09178743961352653 0.312
0 0.38003220611916266 0.5640000000000001 0.04186795491143319 0.16266666666666663
0 0.39210950080515294 0.548 0.03864734299516909 0.14133333333333337
0 0.4134460547504026 0.5306666666666666 0.02657004830917875 0.10133333333333339
0 0.43760064412238325 0.492 0.02657004830917875 0.14666666666666667
0 0.49033816425120774 0.52 0.027375201288244777 0.08533333333333332
1 0.17391304347826086 0.5186666666666666 0.03864734299516909 0.11466666666666664
1 0.3309178743961353 0.4773333333333333 0.02737520128824472 0.10666666666666663
