0 0.4943639291465378 0.5253333333333333 0.03703703703703698 0.11733333333333329
0 0.7773752012882448 0.708 0.144122383252818 0.45600000000000007
1 0.3695652173913043 0.528 0.02737520128824472 0.07466666666666671
0 0.5917874396135265 0.5386666666666666 0.041867954911433136 0.1706666666666667
0 0.5555555555555556 0.5226666666666667 0.03059581320450888 0.11733333333333335
0 0.5305958132045088 0.49066666666666664 0.020933977455716568 0.09599999999999997
1 0.3417874396135266 0.5093333333333333 0.021739130434782594 0.07466666666666666
1 0.3615136876006441 0.49733333333333335 0.017713365539452464 0.06133333333333335
1 0.40458937198067635 0.49333333333333335 0.013687600644122389 0.03733333333333333
1 0.32045088566827695 0.5013333333333334 0.014492753623188415 0.053333333333333344
1 0.1566022544283414 0.5106666666666666 0.021739130434782594 0.06133333333333335
