0 0.49597423510466987 0.528 0.033816425120772875 0.10666666666666669
1 0.1038647342995169 0.5906666666666667 0.06280193236714975 0.18933333333333335
0 0.645330112721417 0.5800000000000001 0.06360708534621584 0.2426666666666667
0 0.6163446054750402 0.5573333333333333 0.04911433172302737 0.1866666666666666
0 0.5776972624798712 0.5493333333333333 0.04106280193236711 0.14399999999999996
0 0.5636070853462158 0.5333333333333333 0.033816425120772986 0.13866666666666666
0 0.5591787439613527 0.5226666666666666 0.029790660225442855 0.11199999999999999
0 0.5466988727858293 0.516 0.02254428341384862 0.10399999999999993
1 0.4367954911433173 0.49866666666666665 0.012077294685990336 0.03733333333333333
0 0.5233494363929146 0.4946666666666667 0.012882447665056418 0.05066666666666669
0 0.5165056360708535 0.48533333333333334 0.01207729468599028 0.053333333333333344
1 0.4070048309178744 0.496 0.013687600644122389 0.04266666666666663
