0 0.5092667203867849 0.5146276595744681 0.01772763900080576 0.050531914893617025
0 0.16760676873489122 0.6901595744680851 0.12087026591458501 0.38031914893617025
0 0.09387590652699435 0.5824468085106382 0.0701047542304593 0.276595744680851
0 0.7723609991941982 0.7207446808510638 0.15551974214343267 0.473404255319149
0 0.34367445608380337 0.574468085106383 0.05237711522965349 0.1436170212765958
0 0.2397260273972603 0.5398936170212766 0.05398871877518133 0.17553191489361697
0 0.3851732473811442 0.5465425531914894 0.037066881547139385 0.10372340425531917
0 0.48146655922643034 0.5305851063829787 0.03303787268331987 0.10372340425531917
0 0.31990330378726833 0.535904255319149 0.03384367445608383 0.09308510638297879
0 0.41982272360999195 0.5199468085106382 0.019339242546333624 0.06117021276595741
0 0.34568896051571313 0.5093085106382979 0.0273972602739726 0.09308510638297873
0 0.435132957292506 0.4906914893617021 0.01611603545527801 0.07180851063829785
