0 0.4943639291465378 0.54 0.04508856682769724 0.12
0 0.30394524959742353 0.6253333333333333 0.070048309178744 0.26933333333333337
0 0.3615136876006441 0.5666666666666667 0.054750402576489554 0.25333333333333335
0 0.4033816425120773 0.552 0.03542673107890498 0.13333333333333336
0 0.40942028985507245 0.536 0.028180354267310803 0.1226666666666667
0 0.4219001610305958 0.52 0.02254428341384862 0.08533333333333332
0 0.4363929146537842 0.5053333333333334 0.017713365539452464 0.07733333333333337
0 0.6235909822866346 0.5253333333333333 0.0748792270531401 0.288
0 0.5414653784219001 0.508 0.023349436392914646 0.06666666666666665
0 0.4883252818035427 0.5093333333333334 0.028180354267310803 0.08533333333333337
1 0.06924315619967794 0.5506666666666666 0.0499194847020934 0.1413333333333333
1 0.2423510466988728 0.508 0.04830917874396137 0.2
1 0.1747181964573269 0.5213333333333333 0.03381642512077293 0.12000000000000005
