0 0.7210144927536233 0.7413333333333334 0.11996779388083734 0.368
1 0.24436392914653784 0.744 0.10869565217391303 0.32000000000000006
1 0.3409822866344605 0.6453333333333333 0.061996779388083734 0.19733333333333336
1 0.3804347826086957 0.6093333333333333 0.04911433172302737 0.14133333333333342
0 0.6239935587761675 0.62 0.06763285024154597 0.20533333333333337
0 0.5861513687600644 0.5826666666666667 0.046698872785829404 0.14666666666666672
0 0.7999194847020934 0.5173333333333334 0.013687600644122444 0.14400000000000002
0 0.536231884057971 0.5426666666666666 0.020933977455716568 0.07199999999999995
0 0.49879227053140096 0.536 0.01529790660225444 0.04800000000000004
1 0.4569243156199678 0.528 0.00724637681159418 0.04266666666666663
