0 0.4782433521353747 0.5093085106382979 0.03303787268331987 0.09840425531914887
0 0.13819500402900886 0.7220744680851063 0.12651087832393232 0.35904255319148937
0 0.15189363416599516 0.5851063829787234 0.06043513295729251 0.18085106382978716
0 0.2892828364222401 0.5757978723404256 0.06285253827558424 0.1888297872340426
0 0.29290894439967763 0.523936170212766 0.039484286865431095 0.13829787234042556
0 0.3936341659951652 0.4920212765957447 0.04270749395648671 0.17021276595744683
0 0.3271555197421434 0.5292553191489362 0.024174053182917044 0.07978723404255322
0 0.4186140209508461 0.49867021276595747 0.02497985495568089 0.08244680851063829
0 0.4391619661563255 0.47606382978723405 0.017727639000805817 0.07446808510638303
0 0.20950846091861403 0.5372340425531915 0.03706688154713941 0.11170212765957449
