0 0.49516908212560384 0.528 0.03542673107890493 0.11199999999999999
0 0.6932367149758454 0.6346666666666667 0.0998389694041868 0.3946666666666666
0 0.6513687600644122 0.5946666666666667 0.06602254428341392 0.2453333333333334
0 0.606280193236715 0.5613333333333332 0.04669887278582929 0.17866666666666664
1 0.4150563607085346 0.5 0.016908212560386493 0.04533333333333328
1 0.3313204508856683 0.552 0.03623188405797101 0.11199999999999999
0 0.5563607085346216 0.5186666666666667 0.025764895330112725 0.10933333333333334
0 0.539049919484702 0.508 0.021739130434782594 0.08266666666666667
0 0.5237520128824477 0.4866666666666667 0.01690821256038655 0.07733333333333331
1 0.36755233494363926 0.5 0.018518518518518545 0.061333333333333295
1 0.38204508856682773 0.4946666666666667 0.01529790660225444 0.05066666666666669
1 0.3474235104669887 0.49733333333333335 0.012077294685990336 0.04533333333333334
