0 0.501207729468599 0.5333333333333333 0.04750402576489532 0.14933333333333332
0 0.6988727858293076 0.6226666666666667 0.09822866344605474 0.3333333333333333
0 0.6553945249597424 0.5533333333333333 0.06763285024154586 0.248
0 0.5797101449275363 0.5066666666666667 0.04508856682769724 0.192
0 0.5555555555555556 0.5053333333333334 0.027375201288244777 0.1093333333333334
0 0.5338164251207729 0.484 0.01610305958132041 0.06666666666666665
1 0.23752012882447665 0.528 0.03864734299516906 0.12799999999999995
1 0.39049919484702095 0.4706666666666667 0.03059581320450888 0.13599999999999995
1 0.29066022544283415 0.52 0.02898550724637683 0.10133333333333333
1 0.3305152979066023 0.5133333333333333 0.023349436392914702 0.06666666666666665
1 0.3816425120772947 0.4906666666666667 0.01771336553945252 0.05333333333333329
1 0.23349436392914652 0.516 0.022544283413848648 0.08266666666666667
