0 0.49798711755233493 0.5253333333333333 0.04106280193236711 0.11200000000000004
1 0.12842190016103058 0.716 0.13768115942028986 0.40800000000000003
1 0.2467793880837359 0.6373333333333333 0.08454106280193238 0.30933333333333335
1 0.33776167471819646 0.56 0.04267310789049916 0.15466666666666662
0 0.4166666666666667 0.572 0.052334943639291476 0.14666666666666667
0 0.4363929146537842 0.5386666666666666 0.041867954911433136 0.12266666666666665
1 0.40217391304347827 0.5186666666666667 0.0249597423510467 0.10933333333333334
0 0.6960547504025765 0.6773333333333333 0.11030595813204513 0.32533333333333325
0 0.6179549114331723 0.44133333333333336 0.09098228663446051 0.3973333333333333
0 0.5434782608695652 0.5106666666666666 0.03059581320450888 0.08799999999999997
0 0.5217391304347827 0.45466666666666666 0.03059581320450888 0.13599999999999995
0 0.48792270531400966 0.5053333333333333 0.027375201288244777 0.08266666666666661
1 0.13365539452495975 0.54 0.035426731078905 0.1146666666666667
