0 0.49476650563607083 0.5253333333333333 0.037842190016103006 0.11733333333333329
1 0.3615136876006441 0.5333333333333333 0.02898550724637683 0.08000000000000002
0 0.5982286634460547 0.544 0.04508856682769724 0.1813333333333334
0 0.5579710144927537 0.5266666666666666 0.032206119162640934 0.12
0 0.5322061191626408 0.492 0.02254428341384862 0.09866666666666668
1 0.33816425120772947 0.512 0.02254428341384862 0.07466666666666666
1 0.35950080515297905 0.49866666666666665 0.01851851851851849 0.06399999999999995
1 0.40418679549114334 0.4946666666666667 0.012882447665056362 0.040000000000000036
1 0.31723027375201285 0.5013333333333334 0.014492753623188415 0.053333333333333344
1 0.1497584541062802 0.5106666666666666 0.02254428341384862 0.06133333333333335
