0 0.5056360708534622 0.5546666666666666 0.0499194847020934 0.1333333333333333
0 0.35789049919484706 0.604 0.06521739130434784 0.248
0 0.37399355877616747 0.5666666666666667 0.04750402576489532 0.18399999999999994
0 0.4367954911433172 0.52 0.023349436392914646 0.10666666666666669
0 0.47665056360708535 0.46266666666666667 0.012882447665056362 0.07733333333333331
0 0.8530595813204509 0.7573333333333334 0.15056360708534622 0.4106666666666666
0 0.6710950080515299 0.5733333333333334 0.07326892109500804 0.23466666666666663
0 0.6127214170692432 0.5453333333333333 0.04508856682769735 0.1306666666666667
0 0.5877616747181964 0.5293333333333333 0.03542673107890504 0.09866666666666668
0 0.5768921095008052 0.5146666666666666 0.03301127214170685 0.10666666666666663
1 0.13647342995169082 0.5760000000000001 0.06843800322061193 0.18666666666666665
0 0.5028180354267311 0.504 0.0297906602254428 0.09066666666666667
1 0.23792270531400966 0.54 0.04750402576489532 0.14133333333333337
