0 0.45813204508856686 0.5413333333333333 0.037037037037037035 0.10133333333333333
1 0.21900161030595813 0.6493333333333333 0.08856682769726248 0.312
1 0.3442028985507246 0.5680000000000001 0.033011272141706904 0.13333333333333341
0 0.36272141706924316 0.548 0.03140096618357491 0.12533333333333335
0 0.394122383252818 0.5373333333333333 0.026570048309178695 0.08800000000000002
0 0.4066022544283414 0.5306666666666666 0.01932367149758457 0.08000000000000002
0 0.4182769726247987 0.508 0.018518518518518545 0.08800000000000002
0 0.5845410628019323 0.6026666666666667 0.06924315619967791 0.20266666666666666
0 0.5603864734299517 0.5733333333333334 0.0434782608695653 0.13866666666666672
0 0.5410628019323671 0.5533333333333333 0.03864734299516914 0.1146666666666667
0 0.5209339774557166 0.4706666666666667 0.048309178743961345 0.21599999999999997
1 0.026972624798711754 0.5813333333333333 0.05233494363929147 0.14400000000000002
0 0.464170692431562 0.5253333333333333 0.02657004830917875 0.08000000000000002
