0 0.7540257648953301 0.6866666666666666 0.144122383252818 0.4453333333333333
1 0.2330917874396135 0.6746666666666667 0.09903381642512074 0.33599999999999997
0 0.6392914653784219 0.5933333333333333 0.07407407407407407 0.22666666666666668
0 0.5780998389694041 0.48266666666666663 0.07246376811594202 0.2773333333333333
0 0.5515297906602254 0.516 0.033816425120772875 0.12533333333333335
1 0.5450885668276972 0.5213333333333333 0.03059581320450888 0.09866666666666668
0 0.5197262479871176 0.512 0.021739130434782594 0.06400000000000006
0 0.41747181964573266 0.524 0.02173913043478265 0.05600000000000005
0 0.5068438003220612 0.5053333333333333 0.01851851851851849 0.06666666666666665
0 0.47987117552334946 0.5053333333333334 0.016103059581320467 0.04533333333333334
