0 0.4939613526570048 0.5506666666666666 0.04267310789049916 0.11466666666666664
0 0.322463768115942 0.6146666666666667 0.06521739130434784 0.22666666666666668
0 0.3844605475040258 0.5186666666666666 0.05877616747181963 0.30133333333333334
0 0.4086151368760064 0.5626666666666666 0.02657004830917875 0.1226666666666667
0 0.4524959742351047 0.496 0.014492753623188415 0.07466666666666666
0 0.5342190016103059 0.492 0.0249597423510467 0.09333333333333327
0 0.49033816425120774 0.5146666666666666 0.027375201288244777 0.07999999999999996
0 0.428743961352657 0.528 0.023349436392914646 0.14399999999999996
1 0.061996779388083734 0.6226666666666667 0.09017713365539454 0.2533333333333333
1 0.2069243156199678 0.548 0.05152979066022545 0.16799999999999998
1 0.26529790660225444 0.46 0.03784219001610303 0.15200000000000002
