1 0.18518518518518517 0.712 0.12721417069243157 0.368
0 0.9520933977455717 0.43466666666666665 0.03623188405797095 0.1333333333333333
1 0.36513687600644124 0.5706666666666667 0.04750402576489532 0.1333333333333333
1 0.30797101449275366 0.5973333333333334 0.06843800322061194 0.20800000000000002
1 0.5909822866344605 0.5106666666666667 0.03864734299516914 0.10933333333333334
1 0.39573268921095006 0.544 0.03462157809983896 0.11199999999999999
1 0.4186795491143317 0.5333333333333333 0.02576489533011267 0.08000000000000002
0 0.5165056360708535 0.5133333333333333 0.02657004830917875 0.08266666666666667
0 0.5418679549114331 0.4973333333333333 0.01610305958132041 0.0666666666666666
0 0.5092592592592593 0.472 0.007246376811594124 0.042666666666666686
