0 0.5100644122383253 0.5813333333333334 0.07165861513687599 0.22400000000000003
0 0.6316425120772946 0.5680000000000001 0.06682769726247983 0.2346666666666667
0 0.5607890499194848 0.5 0.0249597423510467 0.09866666666666668
0 0.5430756843800322 0.492 0.015297906602254385 0.07200000000000001
0 0.5338164251207729 0.484 0.01449275362318836 0.055999999999999994
1 0.13405797101449274 0.5613333333333332 0.05233494363929146 0.17866666666666664
1 0.24235104669887278 0.5519999999999999 0.037037037037037035 0.10666666666666663
1 0.34581320450885666 0.508 0.023349436392914646 0.06666666666666665
1 0.3691626409017713 0.49466666666666664 0.020128824476650597 0.07199999999999995
1 0.3961352657004831 0.4906666666666667 0.016103059581320467 0.05333333333333329
1 0.42914653784219003 0.484 0.012882447665056362 0.03999999999999998
1 0.05998389694041868 0.5573333333333333 0.03784219001610306 0.14399999999999996
