0 0.4822866344605475 0.5533333333333333 0.07085346215780997 0.25866666666666666
0 0.2081320450885668 0.6066666666666667 0.06843800322061191 0.19466666666666665
0 0.0861513687600644 0.5786666666666667 0.06119162640901772 0.26133333333333336
0 0.3961352657004831 0.5253333333333333 0.043478260869565244 0.12800000000000006
0 0.7306763285024155 0.5573333333333333 0.06360708534621584 0.1866666666666666
0 0.5305958132045088 0.488 0.032206119162640934 0.10133333333333328
1 0.5736714975845411 0.45466666666666666 0.028180354267310692 0.1253333333333333
0 0.8079710144927537 0.5386666666666666 0.06360708534621573 0.1973333333333333
0 0.9162640901771337 0.544 0.06763285024154586 0.17066666666666663
1 0.5257648953301127 0.43866666666666665 0.033816425120772875 0.1786666666666667
