0 0.534621578099839 0.7026666666666667 0.14009661835748793 0.43999999999999995
0 0.6006441223832528 0.532 0.041867954911433136 0.15199999999999997
0 0.5660225442834139 0.512 0.02254428341384862 0.09600000000000003
0 0.5471014492753623 0.5026666666666666 0.0185185185185186 0.07199999999999995
1 0.37721417069243157 0.5293333333333333 0.028180354267310803 0.08800000000000002
1 0.06320450885668277 0.6266666666666667 0.06521739130434782 0.18666666666666665
1 0.45450885668276975 0.4946666666666667 0.01529790660225444 0.05066666666666669
1 0.4883252818035426 0.484 0.012077294685990336 0.03999999999999998
1 0.29911433172302737 0.5346666666666666 0.03140096618357491 0.09333333333333338
1 0.3353462157809984 0.516 0.0249597423510467 0.09333333333333332
1 0.3776167471819646 0.5066666666666666 0.019323671497584516 0.06399999999999995
1 0.4214975845410628 0.49733333333333335 0.01529790660225444 0.04533333333333334
1 0.20169082125603865 0.5306666666666666 0.02657004830917875 0.09599999999999997
1 0.18639291465378421 0.5186666666666666 0.02012882447665057 0.07199999999999995
