0 0.499597423510467 0.552 0.05555555555555558 0.14933333333333337
0 0.7185990338164252 0.5946666666666667 0.1280193236714976 0.4746666666666666
1 0.10265700483091787 0.52 0.05555555555555555 0.19733333333333336
0 0.321256038647343 0.5786666666666667 0.07085346215780997 0.272
0 0.3603059581320451 0.564 0.04911433172302737 0.1893333333333333
0 0.39291465378421897 0.552 0.03864734299516909 0.15466666666666662
0 0.4214975845410628 0.52 0.028180354267310803 0.11733333333333335
0 0.4492753623188406 0.48666666666666664 0.01610305958132041 0.07199999999999995
0 0.6030595813204509 0.5466666666666666 0.048309178743961345 0.1333333333333333
0 0.5772946859903382 0.52 0.03703703703703698 0.11733333333333335
0 0.4919484702093398 0.5093333333333333 0.032206119162640934 0.09600000000000003
1 0.20611916264090177 0.492 0.03381642512077293 0.09333333333333327
