0 0.4895330112721417 0.524 0.040257648953301195 0.10933333333333334
1 0.2814009661835749 0.5973333333333334 0.06038647342995168 0.20800000000000002
0 0.38486312399355876 0.6106666666666667 0.07085346215780997 0.19733333333333336
0 0.41787439613526567 0.5626666666666666 0.053140096618357446 0.15466666666666667
1 0.38003220611916266 0.5253333333333333 0.030595813204508826 0.12800000000000006
0 0.6578099838969405 0.44666666666666666 0.12399355877616747 0.5466666666666666
0 0.5454911433172303 0.5173333333333333 0.0346215780998389 0.10133333333333328
0 0.5201288244766507 0.45066666666666666 0.033816425120772986 0.14933333333333332
1 0.23027375201288247 0.5133333333333333 0.030595813204508854 0.08266666666666667
0 0.4774557165861514 0.508 0.027375201288244777 0.08266666666666667
1 0.03663446054750403 0.5466666666666666 0.04589371980676329 0.14400000000000002
