0 0.5370370370370371 0.696 0.1449275362318841 0.4533333333333333
0 0.5942028985507246 0.5213333333333333 0.03864734299516903 0.14666666666666667
0 0.5623993558776168 0.504 0.021739130434782594 0.09066666666666667
0 0.5462962962962963 0.496 0.01851851851851849 0.0693333333333333
1 0.464975845410628 0.4853333333333334 0.013687600644122389 0.042666666666666686
1 0.08776167471819646 0.612 0.061191626409017714 0.17333333333333334
1 0.30434782608695654 0.528 0.030595813204508826 0.09066666666666667
1 0.3389694041867955 0.508 0.024154589371980673 0.09333333333333332
1 0.37922705314009664 0.49866666666666665 0.01932367149758457 0.06399999999999995
1 0.4214975845410628 0.48933333333333334 0.01529790660225444 0.04533333333333334
1 0.20772946859903382 0.52 0.025764895330112725 0.09599999999999997
1 0.1940418679549114 0.5093333333333334 0.019323671497584544 0.06933333333333336
