0 0.5132850241545894 0.5906666666666667 0.0813204508856683 0.25333333333333335
0 0.6598228663446055 0.5933333333333334 0.08293075684380036 0.2906666666666667
0 0.56682769726248 0.5 0.027375201288244777 0.10933333333333328
0 0.5471014492753623 0.4933333333333333 0.01690821256038655 0.0746666666666666
0 0.5354267310789049 0.4853333333333334 0.01449275362318836 0.0586666666666667
1 0.08091787439613526 0.5813333333333334 0.06038647342995168 0.20800000000000002
1 0.21578099838969406 0.5546666666666666 0.041867954911433164 0.11733333333333329
1 0.33735909822866345 0.5066666666666667 0.024154589371980673 0.07466666666666671
1 0.3615136876006441 0.4933333333333333 0.020933977455716568 0.08000000000000002
1 0.39251207729468596 0.4866666666666667 0.016908212560386493 0.05600000000000005
1 0.42673107890499196 0.4813333333333333 0.012882447665056362 0.03999999999999998
1 0.2612721417069243 0.5026666666666667 0.021739130434782594 0.07733333333333331
