0 0.49516908212560384 0.524 0.03542673107890493 0.10933333333333334
0 0.7033011272141707 0.656 0.1183574879227054 0.3786666666666667
0 0.6372785829307568 0.5813333333333334 0.06843800322061189 0.2826666666666667
0 0.6183574879227053 0.5653333333333334 0.0499194847020934 0.192
0 0.5873590982286634 0.54 0.03784219001610312 0.1466666666666666
1 0.4243156199677939 0.4986666666666667 0.01449275362318836 0.042666666666666686
1 0.3667471819645733 0.5346666666666666 0.028180354267310803 0.08800000000000002
0 0.5507246376811594 0.5106666666666667 0.02254428341384873 0.09866666666666674
0 0.5358293075684379 0.5 0.020128824476650542 0.07733333333333331
0 0.5229468599033816 0.484 0.01690821256038655 0.07200000000000001
1 0.3756038647342995 0.4986666666666667 0.016908212560386437 0.0586666666666667
1 0.35507246376811596 0.49333333333333335 0.01127214170692431 0.04266666666666674
