0 0.48550724637681164 0.5493333333333333 0.04669887278582935 0.1226666666666667
0 0.3429951690821256 0.5773333333333334 0.043478260869565244 0.1733333333333334
0 0.3719806763285024 0.5653333333333334 0.03542673107890498 0.13866666666666672
0 0.4311594202898551 0.5426666666666666 0.041062801932367166 0.09866666666666662
0 0.6364734299516908 0.5306666666666667 0.09742351046698883 0.38933333333333336
0 0.570450885668277 0.552 0.04911433172302737 0.1386666666666666
0 0.5185185185185186 0.5066666666666666 0.017713365539452464 0.053333333333333344
1 0.15096618357487923 0.5880000000000001 0.05877616747181964 0.16266666666666663
1 0.2222222222222222 0.5266666666666667 0.05636070853462158 0.2
0 0.48993558776167473 0.5213333333333333 0.03140096618357491 0.09333333333333327
1 0.11634460547504025 0.544 0.03784219001610305 0.11199999999999999
