0 0.49838969404186795 0.5293333333333333 0.048309178743961345 0.13066666666666665
0 0.23752012882447665 0.6666666666666666 0.09661835748792269 0.31466666666666665
1 0.3244766505636071 0.5573333333333333 0.048309178743961345 0.176
0 0.393317230273752 0.588 0.07165861513687605 0.17333333333333334
1 0.391304347826087 0.52 0.025764895330112725 0.10133333333333333
0 0.6702898550724637 0.6253333333333333 0.10547504025764898 0.296
0 0.6103059581320451 0.5746666666666667 0.06924315619967791 0.1786666666666667
0 0.5785024154589372 0.524 0.04106280193236711 0.14666666666666672
0 0.5334138486312399 0.5013333333333334 0.023349436392914646 0.06933333333333336
0 0.5322061191626408 0.45066666666666666 0.032206119162640934 0.13866666666666666
0 0.49315619967793883 0.504 0.03140096618357491 0.09066666666666667
1 0.18840579710144928 0.5173333333333333 0.030595813204508854 0.09066666666666667
