0 0.4943639291465378 0.5253333333333333 0.03703703703703698 0.11733333333333329
0 0.817230273752013 0.72 0.1658615136876006 0.512
0 0.6855877616747181 0.6253333333333333 0.08776167471819651 0.30133333333333334
1 0.38808373590982287 0.512 0.02254428341384862 0.06400000000000006
1 0.13003220611916264 0.6639999999999999 0.08454106280193235 0.2613333333333333
0 0.5760869565217391 0.528 0.0346215780998389 0.14399999999999996
0 0.5483091787439613 0.512 0.027375201288244777 0.10133333333333333
0 0.5269726247987118 0.48933333333333334 0.020128824476650653 0.08799999999999997
1 0.3506441223832528 0.4986666666666667 0.020128824476650542 0.0693333333333333
1 0.36755233494363926 0.49466666666666664 0.016908212560386493 0.05599999999999994
1 0.4070048309178744 0.488 0.012077294685990336 0.037333333333333385
1 0.32971014492753625 0.4946666666666667 0.013687600644122389 0.05066666666666669
