0 0.5305958132045088 0.6706666666666666 0.12238325281803542 0.3813333333333333
0 0.6014492753623188 0.5346666666666666 0.041867954911433136 0.15200000000000002
0 0.5664251207729469 0.5146666666666666 0.021739130434782594 0.09599999999999997
0 0.5479066022544283 0.5053333333333333 0.0185185185185186 0.07200000000000001
1 0.3498389694041868 0.5453333333333333 0.03301127214170696 0.10400000000000004
1 0.059983896940418675 0.632 0.06521739130434782 0.18666666666666676
1 0.44605475040257647 0.49866666666666665 0.01771336553945252 0.053333333333333344
1 0.4814814814814815 0.4853333333333334 0.012882447665056362 0.042666666666666686
1 0.29830917874396135 0.54 0.03140096618357491 0.09333333333333332
1 0.33454106280193235 0.5173333333333333 0.0249597423510467 0.09600000000000003
1 0.3776167471819646 0.5093333333333333 0.019323671497584516 0.064
1 0.4210950080515298 0.5 0.014492753623188415 0.04533333333333328
1 0.20088566827697263 0.5333333333333333 0.02657004830917875 0.09600000000000003
1 0.1855877616747182 0.5186666666666666 0.02012882447665057 0.07199999999999995
