0 0.49275362318840576 0.548 0.04508856682769724 0.12
0 0.22745571658615135 0.6946666666666667 0.10869565217391303 0.39200000000000007
0 0.321256038647343 0.608 0.07568438003220612 0.336
0 0.3852657004830918 0.5786666666666667 0.04267310789049916 0.15999999999999998
0 0.393719806763285 0.5586666666666666 0.03381642512077293 0.1413333333333333
0 0.41304347826086957 0.5386666666666666 0.025764895330112725 0.09600000000000003
0 0.4315619967793881 0.528 0.01932367149758457 0.08533333333333332
0 0.6586151368760065 0.5586666666666666 0.09500805152979064 0.3653333333333333
0 0.5994363929146538 0.5706666666666667 0.050724637681159424 0.14400000000000007
0 0.5450885668276972 0.5293333333333333 0.025764895330112725 0.07200000000000001
0 0.5265700483091788 0.4813333333333333 0.02093397745571668 0.08266666666666661
0 0.49033816425120774 0.52 0.027375201288244777 0.08533333333333332
1 0.19565217391304346 0.5186666666666666 0.05797101449275363 0.23733333333333329
1 0.12640901771336555 0.5413333333333333 0.04025764895330114 0.13866666666666672
