0 0.5020128824476651 0.5453333333333333 0.05555555555555558 0.17333333333333334
0 0.8043478260869565 0.652 0.15136876006441224 0.48800000000000004
0 0.6211755233494365 0.5253333333333333 0.06843800322061189 0.2826666666666666
0 0.5744766505636071 0.5186666666666667 0.037842190016103006 0.14133333333333337
0 0.5430756843800322 0.484 0.01851851851851849 0.07733333333333325
0 0.5346215780998389 0.48 0.012882447665056307 0.058666666666666645
1 0.15499194847020933 0.5466666666666666 0.050724637681159424 0.1706666666666667
1 0.31561996779388085 0.48000000000000004 0.0531400966183575 0.2346666666666667
1 0.24194847020933977 0.532 0.03623188405797101 0.12533333333333335
1 0.29830917874396135 0.5253333333333333 0.028180354267310803 0.08000000000000002
1 0.3663446054750402 0.4933333333333333 0.01932367149758457 0.05866666666666659
1 0.38325281803542677 0.4826666666666667 0.016103059581320467 0.06400000000000006
1 0.40499194847020936 0.4786666666666667 0.014492753623188415 0.04533333333333328
1 0.17592592592592593 0.5293333333333333 0.02657004830917875 0.10400000000000004
