0 0.49798711755233493 0.524 0.04267310789049916 0.1146666666666667
1 0.18639291465378421 0.6759999999999999 0.10869565217391303 0.33333333333333337
1 0.2777777777777778 0.604 0.07085346215781 0.26933333333333337
1 0.3498389694041868 0.5533333333333333 0.037842190016103006 0.1413333333333333
0 0.4219001610305958 0.5640000000000001 0.048309178743961345 0.136
0 0.4404186795491143 0.5306666666666666 0.04025764895330114 0.1173333333333334
1 0.4070048309178744 0.5026666666666666 0.023349436392914702 0.10399999999999998
0 0.6630434782608696 0.6333333333333333 0.09259259259259267 0.2746666666666667
0 0.6086956521739131 0.44133333333333336 0.08373590982286638 0.36533333333333334
0 0.5410628019323671 0.5013333333333334 0.02898550724637683 0.08533333333333337
0 0.5213365539452497 0.44533333333333336 0.029790660225442855 0.13333333333333336
0 0.4895330112721417 0.5066666666666667 0.027375201288244777 0.08533333333333332
1 0.1578099838969404 0.5253333333333333 0.03381642512077296 0.10666666666666669
