0 0.4714170692431562 0.5253333333333333 0.03784219001610306 0.10133333333333328
1 0.11231884057971014 0.7026666666666667 0.1312399355877617 0.3813333333333333
0 0.2818035426731079 0.748 0.13526570048309178 0.376
0 0.3723832528180354 0.6133333333333333 0.0813204508856683 0.23999999999999994
1 0.33333333333333337 0.56 0.043478260869565244 0.17600000000000005
1 0.3816425120772947 0.5173333333333333 0.022544283413848676 0.09600000000000003
0 0.42954911433172305 0.48666666666666664 0.01529790660225444 0.07199999999999995
0 0.5503220611916264 0.544 0.044283413848631215 0.128
0 0.5281803542673107 0.5213333333333333 0.02898550724637683 0.08800000000000002
0 0.5152979066022545 0.45199999999999996 0.03864734299516914 0.17333333333333328
1 0.16022544283413848 0.5253333333333333 0.037037037037037035 0.10133333333333328
0 0.46497584541062803 0.5066666666666666 0.02657004830917875 0.07999999999999996
