0 0.4838969404186796 0.532 0.045088566827697296 0.12
0 0.16948470209339775 0.7386666666666666 0.15700483091787437 0.5013333333333333
0 0.3317230273752013 0.5826666666666667 0.0579710144927536 0.19999999999999996
0 0.3909017713365539 0.5373333333333333 0.03623188405797101 0.14666666666666667
0 0.43921095008051525 0.5026666666666666 0.013687600644122389 0.08799999999999997
0 0.5805152979066023 0.528 0.041867954911433136 0.11733333333333335
0 0.537037037037037 0.476 0.027375201288244777 0.10933333333333328
1 0.22544283413848631 0.536 0.048309178743961345 0.128
0 0.4919484702093398 0.5066666666666667 0.03059581320450888 0.09066666666666673
1 0.13727858293075684 0.5213333333333333 0.03462157809983896 0.10400000000000004
