0 0.4963768115942029 0.5253333333333333 0.0346215780998389 0.10666666666666669
0 0.7298711755233495 0.6373333333333333 0.10869565217391308 0.37866666666666665
0 0.6638486312399356 0.5906666666666667 0.07165861513687599 0.25866666666666666
0 0.605072463768116 0.5693333333333334 0.05555555555555558 0.18933333333333335
0 0.5805152979066023 0.5413333333333333 0.04347826086956519 0.1706666666666667
0 0.571256038647343 0.5333333333333333 0.03623188405797095 0.1333333333333333
0 0.5559581320450886 0.5213333333333333 0.02657004830917875 0.1253333333333333
1 0.428743961352657 0.5013333333333333 0.013687600644122389 0.04266666666666663
0 0.5249597423510467 0.49333333333333335 0.01449275362318847 0.053333333333333344
0 0.5181159420289856 0.484 0.01207729468599028 0.055999999999999994
1 0.40136876006441224 0.49466666666666664 0.013687600644122389 0.04533333333333334
