0 0.5124798711755233 0.58 0.05716586151368758 0.1786666666666667
0 0.6392914653784219 0.5773333333333333 0.0628019323671497 0.22133333333333327
0 0.5785024154589371 0.5413333333333333 0.028180354267310803 0.1226666666666667
0 0.5519323671497585 0.5293333333333333 0.023349436392914646 0.08800000000000002
1 0.27979066022544286 0.5933333333333334 0.050724637681159424 0.15733333333333333
1 0.4061996779388084 0.5333333333333333 0.0249597423510467 0.08533333333333332
1 0.4496779388083736 0.5146666666666667 0.01851851851851849 0.0586666666666667
1 0.24235104669887278 0.5786666666666667 0.04025764895330114 0.11733333333333329
1 0.29549114331723025 0.5453333333333333 0.030595813204508826 0.1146666666666667
1 0.3526570048309179 0.5306666666666666 0.02254428341384862 0.0746666666666666
1 0.4061996779388084 0.5213333333333333 0.016908212560386493 0.05066666666666664
1 0.11594202898550725 0.5653333333333334 0.03381642512077296 0.1226666666666667
1 0.11231884057971014 0.5426666666666666 0.023349436392914646 0.08800000000000002
