0 0.7757648953301127 0.704 0.17310789049919495 0.5920000000000001
0 0.14492753623188406 0.736 0.08051529790660224 0.44799999999999995
0 0.2173913043478261 0.6346666666666667 0.04508856682769727 0.3146666666666667
0 0.2745571658615137 0.5986666666666667 0.02898550724637683 0.28
0 0.6396940418679549 0.5973333333333334 0.0813204508856683 0.24000000000000005
0 0.3244766505636071 0.5426666666666666 0.01610305958132041 0.22666666666666668
0 0.3695652173913043 0.536 0.01127214170692431 0.15999999999999998
0 0.41505636070853463 0.48933333333333334 0.004025764895330131 0.1093333333333334
0 0.5458937198067633 0.512 0.032206119162640934 0.09600000000000003
0 0.5909822866344605 0.5546666666666666 0.05797101449275355 0.17600000000000005
0 0.5293880837359097 0.48266666666666663 0.0249597423510467 0.07999999999999996
