0 0.48510466988727863 0.5346666666666666 0.04589371980676332 0.12
0 0.27616747181964574 0.644 0.09178743961352656 0.32266666666666666
0 0.3603059581320451 0.5626666666666666 0.04589371980676327 0.16000000000000003
0 0.4033816425120773 0.5346666666666666 0.03059581320450888 0.1253333333333334
0 0.4472624798711755 0.5026666666666667 0.012077294685990336 0.08266666666666672
0 0.7548309178743962 0.688 0.11996779388083734 0.33599999999999997
0 0.568438003220612 0.5373333333333333 0.03703703703703709 0.10400000000000004
0 0.5334138486312399 0.48 0.0249597423510467 0.10133333333333328
1 0.2608695652173913 0.536 0.041867954911433136 0.11199999999999999
0 0.49074074074074076 0.512 0.029790660225442855 0.09066666666666667
1 0.17713365539452497 0.5186666666666666 0.030595813204508854 0.09333333333333338
