0 0.53341384863124 0.6746666666666667 0.1328502415458937 0.41600000000000004
0 0.5901771336553945 0.5186666666666667 0.03703703703703709 0.14133333333333337
0 0.5619967793880838 0.504 0.020933977455716568 0.09066666666666667
0 0.5446859903381642 0.496 0.01851851851851849 0.0693333333333333
1 0.4750402576489533 0.48 0.012882447665056307 0.03733333333333333
1 0.10064412238325282 0.6093333333333333 0.05797101449275362 0.16800000000000004
1 0.30797101449275366 0.5266666666666666 0.0297906602254428 0.08799999999999997
1 0.34057971014492755 0.5066666666666667 0.024154589371980673 0.09066666666666673
1 0.3804347826086957 0.49733333333333335 0.018518518518518545 0.06133333333333335
1 0.4219001610305958 0.48933333333333334 0.014492753623188415 0.04533333333333334
1 0.21296296296296297 0.5213333333333333 0.0249597423510467 0.09333333333333327
1 0.19887278582930756 0.5093333333333334 0.019323671497584544 0.06933333333333336
