0 0.6952495974235104 0.6519999999999999 0.11191626409017719 0.344
1 0.2777777777777778 0.652 0.08212560386473428 0.28
0 0.6191626409017714 0.592 0.06441223832528176 0.1973333333333333
0 0.569645732689211 0.4986666666666667 0.06521739130434778 0.25066666666666665
0 0.5479066022544283 0.5293333333333333 0.0314009661835748 0.1146666666666667
1 0.5434782608695652 0.528 0.02898550724637683 0.09599999999999997
0 0.5185185185185186 0.528 0.020933977455716568 0.06400000000000006
0 0.4210950080515298 0.5373333333333333 0.020933977455716568 0.05600000000000005
0 0.5064412238325282 0.52 0.017713365539452464 0.06400000000000006
0 0.4818840579710145 0.5226666666666666 0.01529790660225444 0.04799999999999999
