0 0.7061191626409018 0.5706666666666667 0.106280193236715 0.3253333333333333
0 0.48268921095008055 0.4946666666666667 0.03462157809983896 0.1306666666666667
0 0.34541062801932365 0.52 0.03381642512077293 0.09599999999999997
0 0.2818035426731079 0.504 0.03220611916264088 0.1333333333333333
0 0.4243156199677939 0.4866666666666667 0.025764895330112725 0.07733333333333331
0 0.606280193236715 0.492 0.032206119162640934 0.09333333333333327
1 0.5326086956521738 0.44133333333333336 0.020128824476650542 0.09333333333333332
0 0.645330112721417 0.49333333333333335 0.03140096618357491 0.10133333333333339
1 0.4975845410628019 0.42933333333333334 0.024154589371980728 0.128
0 0.1714975845410628 0.524 0.032206119162640906 0.09866666666666668
0 0.09259259259259259 0.5293333333333333 0.03220611916264089 0.08800000000000002
