0 0.9206924315619969 0.4973333333333333 0.07326892109500804 0.30666666666666664
1 0.3289049919484702 0.5986666666666667 0.0748792270531401 0.23199999999999998
1 0.3747987117552335 0.56 0.052334943639291476 0.1653333333333334
1 0.7580515297906603 0.49733333333333335 0.04106280193236722 0.15200000000000002
1 0.6948470209339774 0.5 0.033816425120772986 0.1253333333333333
1 0.6662640901771337 0.492 0.02657004830917875 0.1146666666666667
1 0.6489533011272142 0.49733333333333335 0.02093397745571668 0.10399999999999998
0 0.5744766505636071 0.532 0.04106280193236711 0.12533333333333335
1 0.428341384863124 0.5173333333333333 0.03059581320450888 0.10666666666666663
1 0.44524959742351045 0.496 0.030595813204508826 0.11200000000000004
0 0.6340579710144928 0.472 0.004025764895330131 0.07466666666666666
0 0.5209339774557167 0.448 0.032206119162640934 0.128
