0 0.5165056360708534 0.5893333333333333 0.06360708534621579 0.1973333333333333
0 0.6195652173913043 0.5626666666666666 0.052334943639291476 0.1866666666666667
0 0.5720611916264091 0.5373333333333333 0.0249597423510467 0.10933333333333328
0 0.5499194847020934 0.5266666666666666 0.02093397745571668 0.08266666666666661
1 0.35829307568438007 0.5533333333333332 0.03381642512077293 0.10399999999999998
1 0.43236714975845414 0.5213333333333333 0.01932367149758457 0.06666666666666665
1 0.46779388083735907 0.508 0.016103059581320467 0.05066666666666664
1 0.2689210950080515 0.5680000000000001 0.03542673107890498 0.10666666666666658
1 0.31280193236714976 0.54 0.028180354267310803 0.10399999999999998
1 0.36312399355877617 0.5253333333333333 0.020933977455716568 0.06933333333333341
1 0.41223832528180354 0.5186666666666667 0.01610305958132041 0.05066666666666669
1 0.15619967793880837 0.5586666666666666 0.03059581320450888 0.10933333333333328
1 0.14452495974235105 0.5386666666666666 0.021739130434782594 0.08000000000000002
