0 0.4565217391304348 0.5426666666666666 0.037037037037037035 0.09866666666666662
1 0.1710950080515298 0.6853333333333333 0.1135265700483092 0.37333333333333335
1 0.3317230273752013 0.5733333333333333 0.037037037037037035 0.14400000000000002
0 0.35466988727858295 0.5533333333333333 0.03462157809983896 0.13599999999999995
0 0.3892914653784219 0.5386666666666666 0.028180354267310803 0.09600000000000003
0 0.4029790660225443 0.532 0.020128824476650542 0.08266666666666672
0 0.4162640901771336 0.5066666666666667 0.01932367149758457 0.09066666666666673
0 0.5994363929146538 0.62 0.07809983896940409 0.22666666666666657
0 0.5696457326892109 0.5853333333333333 0.04750402576489532 0.15200000000000002
0 0.5458937198067633 0.5586666666666666 0.041867954911433136 0.1253333333333333
0 0.5237520128824477 0.468 0.050724637681159424 0.22666666666666668
1 0.18035426731078907 0.5466666666666666 0.032206119162640906 0.09600000000000003
0 0.46497584541062803 0.5226666666666666 0.02657004830917875 0.07999999999999996
