0 0.48872785829307575 0.5426666666666666 0.045088566827697296 0.12
0 0.24637681159420288 0.6666666666666666 0.12077294685990336 0.49599999999999994
0 0.35789049919484706 0.588 0.055555555555555525 0.19999999999999996
0 0.3752012882447665 0.556 0.041867954911433136 0.16800000000000004
0 0.40096618357487923 0.528 0.02898550724637683 0.10666666666666669
0 0.4251207729468599 0.516 0.020933977455716568 0.09333333333333332
0 0.7177938808373592 0.5640000000000001 0.12962962962962965 0.4986666666666667
0 0.6215780998389694 0.5786666666666667 0.06119162640901776 0.1706666666666667
0 0.5503220611916264 0.52 0.028180354267310692 0.08000000000000007
0 0.5277777777777777 0.4826666666666667 0.021739130434782594 0.08533333333333332
0 0.4887278582930757 0.504 0.02898550724637683 0.08533333333333332
1 0.12721417069243157 0.532 0.07246376811594203 0.29600000000000004
1 0.0607890499194847 0.528 0.04750402576489533 0.15999999999999998
