0 0.5120772946859904 0.5746666666666667 0.06441223832528176 0.17333333333333334
1 0.22584541062801933 0.5333333333333333 0.03945249597423511 0.1226666666666667
0 0.5692431561996779 0.504 0.04508856682769724 0.1706666666666667
1 0.3140096618357488 0.4986666666666667 0.024154589371980673 0.08533333333333332
0 0.41304347826086957 0.5213333333333333 0.027375201288244777 0.11466666666666664
0 0.4359903381642512 0.5213333333333333 0.01851851851851849 0.08266666666666667
0 0.44605475040257647 0.5026666666666666 0.014492753623188415 0.07199999999999995
0 0.45772946859903385 0.4906666666666667 0.012077294685990336 0.04800000000000004
0 0.4847020933977456 0.528 0.03542673107890498 0.10666666666666669
1 0.2962962962962963 0.48933333333333334 0.02254428341384862 0.06133333333333335
