0 0.7298711755233493 0.5826666666666667 0.12157809983896939 0.3706666666666667
0 0.4774557165861514 0.496 0.037037037037037035 0.1333333333333333
0 0.3341384863123994 0.5253333333333333 0.03542673107890498 0.10133333333333328
0 0.26771336553945246 0.5066666666666666 0.03462157809983896 0.1386666666666666
0 0.41787439613526567 0.48933333333333334 0.02737520128824472 0.07733333333333337
0 0.606682769726248 0.4973333333333333 0.03301127214170696 0.09866666666666662
1 0.5289855072463767 0.44399999999999995 0.020933977455716568 0.09333333333333332
0 0.6465378421900161 0.496 0.03220611916264082 0.10666666666666669
1 0.9774557165861514 0.43200000000000005 0.04347826086956519 0.1653333333333334
1 0.4939613526570048 0.43066666666666664 0.024959742351046754 0.13066666666666665
0 0.15136876006441224 0.532 0.03381642512077296 0.10399999999999998
0 0.06682769726247986 0.5386666666666666 0.033816425120772944 0.09600000000000003
