0 0.5076489533011272 0.5773333333333334 0.06843800322061189 0.21600000000000003
0 0.7584541062801933 0.632 0.1626409017713365 0.5920000000000001
0 0.6147342995169083 0.56 0.05716586151368752 0.20800000000000002
0 0.5563607085346216 0.5013333333333333 0.024154589371980673 0.09600000000000003
0 0.5398550724637681 0.4946666666666667 0.015297906602254385 0.06666666666666671
0 0.5318035426731078 0.4893333333333333 0.013687600644122333 0.055999999999999994
1 0.15901771336553944 0.5666666666666667 0.0491143317230274 0.16799999999999993
1 0.25442834138486314 0.5506666666666666 0.03542673107890498 0.09866666666666668
1 0.35104669887278583 0.5106666666666667 0.02254428341384862 0.06666666666666671
1 0.3715780998389694 0.4986666666666667 0.018518518518518545 0.0693333333333333
1 0.3977455716586151 0.492 0.016103059581320467 0.05066666666666664
1 0.42954911433172305 0.488 0.012077294685990336 0.037333333333333385
1 0.08977455716586152 0.5506666666666666 0.03462157809983897 0.13066666666666665
