0 0.47946859903381644 0.532 0.03945249597423511 0.10399999999999998
1 0.21859903381642512 0.6413333333333333 0.08454106280193235 0.2693333333333333
0 0.34782608695652173 0.6573333333333333 0.09339774557165859 0.2586666666666666
0 0.3977455716586151 0.5906666666666667 0.06441223832528181 0.18933333333333335
1 0.36070853462157815 0.5413333333333333 0.03542673107890498 0.14933333333333332
0 0.7065217391304348 0.4613333333333333 0.16183574879227058 0.7146666666666667
0 0.5450885668276972 0.5453333333333333 0.03864734299516903 0.1146666666666667
0 0.5269726247987117 0.524 0.02657004830917875 0.07733333333333331
0 0.5165056360708535 0.4693333333333333 0.036231884057971064 0.16000000000000003
1 0.1972624798711755 0.5226666666666666 0.03381642512077296 0.09066666666666662
0 0.47061191626409016 0.5173333333333333 0.02657004830917875 0.08000000000000002
