0 0.5044283413848631 0.5666666666666667 0.050724637681159424 0.13600000000000007
0 0.20611916264090177 0.7333333333333334 0.14170692431562 0.45333333333333325
0 0.3180354267310789 0.6546666666666667 0.08051529790660222 0.30666666666666675
0 0.39291465378421897 0.5626666666666666 0.045088566827697296 0.17599999999999993
0 0.3977455716586151 0.5453333333333333 0.037037037037037035 0.1413333333333333
0 0.4432367149758454 0.5173333333333333 0.020128824476650597 0.09066666666666667
0 0.47705314009661837 0.46799999999999997 0.012077294685990336 0.07200000000000001
0 0.6996779388083736 0.6413333333333333 0.08534621578099832 0.2373333333333334
0 0.6239935587761675 0.5533333333333333 0.054750402576489554 0.17333333333333334
0 0.5664251207729469 0.5066666666666667 0.029790660225442855 0.09066666666666673
0 0.501610305958132 0.5173333333333333 0.030595813204508826 0.09066666666666667
1 0.1034621578099839 0.5266666666666666 0.04750402576489535 0.13066666666666665
