0 0.5161030595813205 0.616 0.09178743961352664 0.28800000000000003
0 0.7145732689210951 0.6506666666666667 0.11674718196457323 0.384
0 0.573268921095008 0.5146666666666667 0.03059581320450877 0.11733333333333335
0 0.5511272141706924 0.5026666666666667 0.0185185185185186 0.08266666666666672
0 0.537037037037037 0.4933333333333333 0.01610305958132041 0.064
1 0.18357487922705312 0.5733333333333334 0.04669887278582932 0.1333333333333333
1 0.32648953301127215 0.52 0.02657004830917875 0.08000000000000007
1 0.3538647342995169 0.5026666666666667 0.021739130434782594 0.08266666666666672
1 0.38808373590982287 0.496 0.017713365539452464 0.058666666666666645
1 0.42391304347826086 0.4906666666666667 0.013687600644122389 0.042666666666666686
1 0.24476650563607089 0.5146666666666666 0.022544283413848648 0.07999999999999996
