0 0.6417069243156199 0.6066666666666667 0.09178743961352653 0.3173333333333333
0 0.13043478260869565 0.716 0.08051529790660227 0.44000000000000006
0 0.2818035426731079 0.6226666666666667 0.030595813204508826 0.2533333333333333
0 0.30475040257648955 0.588 0.02173913043478265 0.2053333333333333
0 0.33212560386473433 0.5693333333333332 0.01529790660225444 0.19466666666666665
0 0.5913848631239935 0.5746666666666667 0.05716586151368763 0.16799999999999998
1 0.2644927536231884 0.532 0.016908212560386437 0.17333333333333334
0 0.3884863123993559 0.5306666666666666 0.007246376811594235 0.128
0 0.5346215780998389 0.5186666666666667 0.027375201288244777 0.08266666666666672
0 0.5640096618357489 0.5453333333333333 0.044283413848631326 0.13599999999999995
