0 0.20853462157809982 0.62 0.043478260869565216 0.30666666666666664
1 0.1247987117552335 0.624 0.04186795491143318 0.2453333333333334
0 0.3180354267310789 0.58 0.01932367149758457 0.2053333333333333
1 0.23953301127214172 0.544 0.016908212560386465 0.1653333333333334
1 0.6014492753623188 0.5546666666666666 0.011272141706924366 0.14933333333333332
1 0.33695652173913043 0.512 0.007246376811594235 0.08533333333333332
0 0.4219001610305958 0.5173333333333333 0.0032206119162641045 0.08000000000000002
0 0.5281803542673107 0.5146666666666667 0.024154589371980673 0.07466666666666671
0 0.5144927536231885 0.5013333333333334 0.017713365539452464 0.053333333333333344
0 0.499194847020934 0.4706666666666667 0.01127214170692431 0.04533333333333334
