0 0.5040257648953301 0.616 0.06280193236714982 0.16533333333333333
1 0.12238325281803543 0.6093333333333333 0.054750402576489526 0.16800000000000004
0 0.6038647342995169 0.5613333333333334 0.06441223832528187 0.24266666666666664
1 0.24516908212560384 0.5519999999999999 0.03301127214170693 0.12266666666666665
0 0.3868760064412239 0.5840000000000001 0.03784219001610306 0.16000000000000003
0 0.42028985507246375 0.5706666666666667 0.025764895330112725 0.10666666666666669
0 0.4363929146537842 0.548 0.019323671497584516 0.08799999999999997
0 0.4533011272141707 0.5333333333333333 0.012882447665056362 0.058666666666666645
0 0.56682769726248 0.5613333333333334 0.033816425120772986 0.09333333333333327
0 0.48510466988727863 0.5586666666666666 0.03462157809983896 0.10399999999999998
1 0.26288244766505636 0.544 0.02657004830917875 0.07466666666666666
