0 0.5052334943639292 0.5573333333333333 0.050724637681159424 0.13333333333333336
0 0.3087761674718197 0.648 0.09420289855072467 0.3466666666666667
0 0.3438003220611916 0.6053333333333333 0.06119162640901771 0.2346666666666667
0 0.427536231884058 0.5453333333333333 0.027375201288244777 0.1253333333333333
0 0.4311594202898551 0.52 0.023349436392914702 0.09599999999999997
0 0.4444444444444444 0.5173333333333334 0.020933977455716624 0.08533333333333337
0 0.47342995169082125 0.47733333333333333 0.014492753623188415 0.07999999999999996
0 0.7270531400966184 0.624 0.09661835748792269 0.3093333333333333
0 0.6344605475040258 0.5733333333333333 0.0531400966183575 0.15466666666666662
0 0.6010466988727858 0.5506666666666666 0.04106280193236711 0.11466666666666664
0 0.5869565217391304 0.5226666666666667 0.03703703703703709 0.11733333333333335
0 0.5048309178743962 0.5146666666666667 0.028985507246376774 0.09066666666666673
1 0.18840579710144928 0.5733333333333333 0.05797101449275363 0.17066666666666663
