0 0.5056360708534622 0.56 0.0531400966183575 0.1653333333333334
0 0.6992753623188406 0.6266666666666667 0.08615136876006435 0.31999999999999995
0 0.5998389694041868 0.5586666666666666 0.048309178743961345 0.17333333333333334
1 0.16626409017713367 0.6213333333333333 0.07971014492753623 0.26133333333333336
1 0.08574879227053141 0.5946666666666667 0.06199677938808374 0.23466666666666663
1 0.3784219001610306 0.532 0.037037037037037035 0.09866666666666668
1 0.4681964573268921 0.49066666666666664 0.016908212560386493 0.06399999999999995
1 0.2584541062801932 0.5453333333333333 0.03542673107890501 0.11999999999999994
1 0.3635265700483092 0.5213333333333333 0.023349436392914646 0.07200000000000001
0 0.5414653784219001 0.4866666666666667 0.013687600644122333 0.04533333333333328
1 0.14855072463768115 0.552 0.03301127214170693 0.11733333333333335
