0 0.5056360708534622 0.56 0.0499194847020934 0.13333333333333336
0 0.33776167471819646 0.6213333333333333 0.07648953301127215 0.288
0 0.3603059581320451 0.5893333333333334 0.052334943639291476 0.20800000000000002
0 0.4327697262479871 0.5373333333333333 0.0249597423510467 0.1146666666666667
0 0.4472624798711755 0.5093333333333333 0.020128824476650542 0.08000000000000002
0 0.4754428341384863 0.4706666666666667 0.013687600644122333 0.07733333333333331
0 0.6952495974235104 0.5933333333333334 0.08293075684380036 0.26400000000000007
0 0.6227858293075684 0.5613333333333334 0.04911433172302737 0.14133333333333337
0 0.5942028985507246 0.5413333333333333 0.03864734299516903 0.10666666666666669
0 0.5813204508856682 0.52 0.03542673107890504 0.11199999999999993
1 0.08333333333333334 0.604 0.07809983896940419 0.21599999999999997
0 0.5044283413848631 0.516 0.0297906602254428 0.08800000000000008
1 0.21618357487922707 0.5613333333333334 0.05233494363929145 0.15733333333333333
