0 0.5116747181964574 0.5853333333333333 0.07648953301127215 0.23733333333333329
0 0.644524959742351 0.5786666666666667 0.07326892109500804 0.26133333333333336
0 0.5644122383252819 0.5 0.027375201288244777 0.10400000000000004
0 0.5458937198067633 0.492 0.016103059581320522 0.07200000000000001
0 0.5346215780998389 0.484 0.01449275362318836 0.055999999999999994
1 0.10950080515297907 0.5706666666666667 0.05636070853462158 0.19199999999999995
1 0.22906602254428343 0.552 0.039452495974235086 0.11199999999999999
1 0.3413848631239936 0.5053333333333333 0.024154589371980673 0.07200000000000001
1 0.36513687600644124 0.4933333333333333 0.020128824476650542 0.0746666666666666
1 0.394524959742351 0.488 0.016103059581320467 0.0533333333333334
1 0.428341384863124 0.4813333333333333 0.012882447665056362 0.03999999999999998
1 0.027777777777777776 0.56 0.04106280193236715 0.15466666666666662
