0 0.501610305958132 0.5413333333333333 0.0531400966183575 0.16533333333333333
0 0.748792270531401 0.6173333333333333 0.11755233494363937 0.39733333333333326
0 0.6086956521739131 0.5186666666666666 0.06119162640901765 0.2533333333333333
0 0.569243156199678 0.5173333333333333 0.03542673107890504 0.1333333333333333
0 0.5406602254428341 0.4853333333333333 0.01851851851851849 0.0746666666666666
0 0.5338164251207729 0.48 0.012882447665056307 0.058666666666666645
1 0.18035426731078905 0.5426666666666666 0.048309178743961345 0.15733333333333327
1 0.3429951690821256 0.4773333333333333 0.045088566827697296 0.1973333333333333
1 0.25523349436392917 0.5306666666666666 0.03381642512077293 0.1173333333333334
1 0.3071658615136876 0.5226666666666667 0.02657004830917875 0.07466666666666671
1 0.37037037037037035 0.492 0.01932367149758457 0.055999999999999994
1 0.1928341384863124 0.5253333333333333 0.0249597423510467 0.09600000000000003
