0 0.8429951690821256 0.6759999999999999 0.20128824476650564 0.584
0 0.45772946859903385 0.5106666666666666 0.04267310789049922 0.15200000000000002
0 0.2946859903381642 0.544 0.04186795491143319 0.11733333333333335
0 0.21497584541062803 0.524 0.04025764895330111 0.16266666666666663
0 0.39291465378421897 0.5 0.030595813204508826 0.08800000000000002
0 0.6030595813204509 0.5106666666666667 0.03703703703703698 0.10933333333333334
0 0.4834943639291465 0.4746666666666667 0.0249597423510467 0.07466666666666666
1 0.5148953301127215 0.44799999999999995 0.021739130434782594 0.10133333333333333
0 0.6485507246376812 0.5066666666666667 0.03623188405797095 0.11733333333333335
1 0.4778582930756844 0.43466666666666665 0.02657004830917875 0.13866666666666666
0 0.08091787439613526 0.5599999999999999 0.039452495974235106 0.12266666666666665
