0 0.49516908212560384 0.548 0.04508856682769724 0.12
0 0.3276972624798712 0.6053333333333333 0.0579710144927536 0.2346666666666667
0 0.3747987117552335 0.5626666666666666 0.04750402576489532 0.22399999999999998
0 0.4102254428341385 0.556 0.03140096618357491 0.12533333333333335
0 0.41586151368760066 0.5413333333333333 0.02657004830917875 0.11200000000000004
0 0.4251207729468599 0.5253333333333333 0.020933977455716568 0.08000000000000002
0 0.4392109500805153 0.5133333333333333 0.016908212560386437 0.07200000000000001
0 0.6115136876006442 0.5333333333333333 0.06843800322061189 0.26133333333333336
0 0.538647342995169 0.5146666666666666 0.02254428341384862 0.06399999999999995
0 0.4883252818035427 0.5186666666666667 0.028180354267310803 0.08266666666666672
1 0.25966183574879226 0.5106666666666667 0.044283413848631215 0.184
1 0.19323671497584544 0.528 0.032206119162640906 0.11199999999999999
