0 0.49597423510466987 0.5226666666666666 0.03542673107890493 0.11199999999999999
0 0.67914653784219 0.632 0.10225442834138487 0.33066666666666666
0 0.6243961352657005 0.5720000000000001 0.06038647342995174 0.2586666666666667
0 0.6099033816425121 0.5586666666666666 0.04589371980676327 0.1786666666666667
0 0.5821256038647342 0.536 0.03542673107890504 0.1386666666666666
1 0.42673107890499196 0.4946666666666667 0.014492753623188415 0.040000000000000036
1 0.3756038647342995 0.5293333333333333 0.02657004830917875 0.08266666666666667
0 0.5495169082125604 0.5066666666666666 0.021739130434782705 0.09599999999999997
0 0.5346215780998389 0.4986666666666667 0.019323671497584516 0.07466666666666671
0 0.5225442834138486 0.484 0.016103059581320522 0.07200000000000001
1 0.3780193236714976 0.4973333333333333 0.016908212560386493 0.055999999999999994
1 0.35748792270531404 0.492 0.01127214170692431 0.04533333333333339
