1 0.2616747181964573 0.476 0.032206119162640906 0.13600000000000007
0 0.30434782608695654 0.4866666666666667 0.024154589371980673 0.09866666666666668
0 0.358695652173913 0.4813333333333333 0.0249597423510467 0.08266666666666661
1 0.4943639291465378 0.4666666666666667 0.01932367149758457 0.10133333333333333
0 0.5120772946859904 0.4706666666666667 0.01449275362318836 0.06666666666666665
0 0.5483091787439613 0.4653333333333333 0.012882447665056418 0.07199999999999995
0 0.5780998389694042 0.472 0.011272141706924366 0.05333333333333329
0 0.5950080515297906 0.4706666666666667 0.012882447665056418 0.055999999999999994
0 0.6179549114331723 0.472 0.01046698872785834 0.05333333333333329
1 0.6413043478260869 0.46799999999999997 0.010466988727858229 0.055999999999999994
1 0.677536231884058 0.45066666666666666 0.008856682769726287 0.07466666666666666
1 0.6940418679549114 0.46266666666666667 0.006441223832528209 0.05066666666666664
1 0.7057165861513688 0.4573333333333333 0.007246376811594235 0.04533333333333334
