0 0.465780998389694 0.5333333333333333 0.03784219001610306 0.10133333333333328
0 0.3280998389694042 0.66 0.11030595813204508 0.3226666666666667
1 0.3027375201288245 0.584 0.054750402576489554 0.21333333333333332
1 0.3683574879227053 0.54 0.026570048309178695 0.10933333333333334
0 0.3808373590982287 0.5266666666666666 0.025764895330112725 0.10399999999999998
0 0.4057971014492754 0.5186666666666666 0.022544283413848676 0.07733333333333337
0 0.4251207729468599 0.4933333333333333 0.01610305958132041 0.08000000000000002
0 0.5595813204508857 0.556 0.05152979066022545 0.15200000000000002
0 0.5326086956521738 0.5266666666666666 0.03140096618357491 0.09866666666666662
0 0.5169082125603864 0.4533333333333333 0.041867954911433136 0.18666666666666665
1 0.11916264090177134 0.5453333333333333 0.04186795491143318 0.1146666666666667
0 0.463365539452496 0.512 0.02657004830917875 0.08000000000000007
