0 0.5169082125603864 0.5933333333333333 0.06602254428341386 0.2053333333333333
0 0.6139291465378421 0.5586666666666666 0.04911433172302737 0.1786666666666667
0 0.5704508856682771 0.536 0.0249597423510467 0.10666666666666669
0 0.5499194847020934 0.5253333333333333 0.02093397745571668 0.08000000000000002
1 0.37359098228663445 0.5453333333333333 0.03059581320450888 0.09333333333333332
1 0.4392109500805153 0.5173333333333333 0.01851851851851849 0.064
1 0.47302737520128824 0.504 0.01529790660225444 0.04800000000000004
1 0.2753623188405797 0.5653333333333334 0.03542673107890504 0.10133333333333328
1 0.3188405797101449 0.5373333333333333 0.02737520128824472 0.10400000000000004
1 0.3663446054750403 0.524 0.020933977455716568 0.06666666666666671
1 0.41304347826086957 0.5173333333333333 0.01610305958132041 0.04799999999999999
1 0.16626409017713367 0.556 0.029790660225442828 0.1093333333333334
1 0.15177133655394526 0.5373333333333333 0.021739130434782622 0.07733333333333331
