0 0.5136876006441224 0.6013333333333333 0.08534621578099844 0.2693333333333333
0 0.6835748792270532 0.6186666666666667 0.09661835748792269 0.3306666666666667
0 0.569243156199678 0.5066666666666666 0.02898550724637683 0.11199999999999999
0 0.5483091787439613 0.4946666666666667 0.017713365539452575 0.07733333333333331
0 0.5358293075684379 0.488 0.015297906602254385 0.058666666666666645
1 0.03663446054750403 0.596 0.06682769726247988 0.23199999999999998
1 0.20048309178743962 0.5640000000000001 0.043478260869565216 0.1253333333333334
1 0.3321256038647343 0.512 0.02657004830917875 0.07466666666666666
1 0.35748792270531404 0.49866666666666665 0.020933977455716624 0.07999999999999996
1 0.3900966183574879 0.4893333333333333 0.016908212560386493 0.055999999999999994
1 0.4255233494363929 0.4853333333333334 0.013687600644122333 0.042666666666666686
1 0.2524154589371981 0.5066666666666666 0.021739130434782622 0.07999999999999996
