0 0.5277777777777778 0.66 0.12157809983896933 0.38133333333333336
0 0.5861513687600644 0.5186666666666666 0.03542673107890504 0.136
0 0.5595813204508857 0.5053333333333333 0.020933977455716568 0.08800000000000002
0 0.5434782608695652 0.496 0.017713365539452464 0.0693333333333333
1 0.4814814814814815 0.4786666666666667 0.01127214170692431 0.03466666666666668
1 0.11674718196457327 0.6026666666666667 0.05636070853462158 0.16000000000000003
1 0.3107890499194847 0.5253333333333333 0.02898550724637683 0.08533333333333326
1 0.34299516908212563 0.508 0.024154589371980673 0.08800000000000002
1 0.38204508856682773 0.49733333333333335 0.018518518518518545 0.06133333333333335
1 0.4219001610305958 0.48933333333333334 0.014492753623188415 0.04533333333333334
1 0.21900161030595813 0.52 0.024154589371980673 0.09066666666666667
1 0.2028985507246377 0.5066666666666666 0.019323671497584544 0.06933333333333336
