1 0.36231884057971014 0.46799999999999997 0.025764895330112725 0.11466666666666664
0 0.3969404186795491 0.47866666666666663 0.020933977455716568 0.08799999999999997
0 0.4440418679549114 0.4746666666666667 0.02173913043478265 0.07466666666666666
1 0.5660225442834139 0.45599999999999996 0.017713365539452464 0.09600000000000003
0 0.5825281803542672 0.46266666666666667 0.013687600644122333 0.06133333333333335
0 0.6183574879227054 0.4573333333333333 0.012882447665056307 0.06666666666666665
0 0.6477455716586151 0.4666666666666667 0.01046698872785834 0.053333333333333344
0 0.6646537842190017 0.46399999999999997 0.01207729468599028 0.05333333333333329
0 0.6867954911433172 0.46799999999999997 0.011272141706924255 0.05066666666666669
1 0.710950080515298 0.45999999999999996 0.011272141706924255 0.05066666666666669
1 0.749597423510467 0.44533333333333336 0.009661835748792313 0.07466666666666671
1 0.7661030595813205 0.45466666666666666 0.007246376811594124 0.05066666666666664
1 0.7809983896940419 0.45466666666666666 0.008051529790660261 0.04533333333333334
