0 0.8844605475040257 0.49733333333333335 0.06682769726247983 0.2746666666666667
1 0.3534621578099839 0.5826666666666667 0.06441223832528181 0.20533333333333337
1 0.394122383252818 0.5533333333333333 0.047504025764895375 0.15199999999999997
1 0.750805152979066 0.4973333333333333 0.037842190016103006 0.14133333333333326
1 0.6936392914653784 0.49733333333333335 0.03140096618357491 0.12
1 0.6650563607085347 0.48933333333333334 0.024154589371980673 0.1093333333333334
0 0.5809178743961353 0.5213333333333333 0.037842190016103006 0.12000000000000005
1 0.44202898550724634 0.5106666666666667 0.028985507246376774 0.09866666666666674
1 0.45732689210950084 0.48666666666666664 0.028985507246376774 0.10399999999999998
0 0.6388888888888888 0.46799999999999997 0.00402576489533002 0.07200000000000001
0 0.5301932367149758 0.448 0.03140096618357491 0.128
