1 0.93317230273752 0.592 0.08534621578099844 0.3893333333333333
1 0.17431561996779388 0.6786666666666668 0.08454106280193235 0.2586666666666667
0 0.6731078904991948 0.6213333333333333 0.08695652173913038 0.288
1 0.2946859903381642 0.6026666666666667 0.05152979066022545 0.17066666666666663
1 0.5925925925925926 0.552 0.04508856682769724 0.1386666666666666
1 0.36272141706924316 0.5546666666666666 0.03462157809983901 0.11200000000000004
0 0.567632850241546 0.54 0.03703703703703709 0.10933333333333334
1 0.4106280193236715 0.5186666666666666 0.02254428341384862 0.07199999999999995
0 0.5454911433172303 0.5186666666666667 0.02657004830917875 0.08266666666666672
0 0.47342995169082125 0.48933333333333334 0.01127214170692431 0.04533333333333334
