0 0.4931561996779388 0.5466666666666666 0.044283413848631215 0.11733333333333329
0 0.2290660225442834 0.6786666666666666 0.10869565217391303 0.3813333333333333
0 0.3144122383252818 0.6133333333333333 0.07648953301127215 0.2666666666666667
0 0.38929146537842185 0.552 0.03784219001610306 0.14933333333333337
0 0.39895330112721417 0.5373333333333333 0.03462157809983901 0.1306666666666667
0 0.4178743961352657 0.5253333333333333 0.024154589371980673 0.09600000000000003
0 0.4396135265700483 0.488 0.025764895330112725 0.13866666666666666
0 0.48993558776167473 0.5146666666666666 0.028180354267310803 0.08533333333333337
1 0.06964573268921095 0.6146666666666667 0.0748792270531401 0.23733333333333329
1 0.19202898550724637 0.5053333333333334 0.03623188405797101 0.1093333333333334
1 0.33494363929146537 0.47333333333333333 0.025764895330112725 0.10399999999999998
