1 0.11714975845410629 0.7586666666666666 0.1457326892109501 0.42400000000000004
0 0.5748792270531401 0.5573333333333333 0.05152979066022545 0.15999999999999998
0 0.6545893719806763 0.6226666666666667 0.07890499194847023 0.24800000000000005
0 0.5547504025764896 0.536 0.03703703703703698 0.1226666666666667
1 0.3848631239935588 0.5479999999999999 0.04025764895330114 0.11466666666666664
1 0.4029790660225443 0.5133333333333333 0.03140096618357491 0.10933333333333328
0 0.7471819645732689 0.7306666666666667 0.14009661835748788 0.42133333333333334
1 0.4210950080515298 0.5106666666666666 0.025764895330112725 0.08799999999999997
0 0.5253623188405797 0.4706666666666667 0.0314009661835748 0.11999999999999994
0 0.44243156199677935 0.5013333333333334 0.013687600644122389 0.03733333333333333
