0 0.539049919484702 0.7133333333333334 0.15378421900161027 0.4826666666666667
0 0.5970209339774557 0.524 0.03945249597423506 0.14666666666666672
0 0.5640096618357489 0.5093333333333333 0.021739130434782594 0.09600000000000003
0 0.5471014492753623 0.5 0.0185185185185186 0.07200000000000001
1 0.4500805152979066 0.492 0.01610305958132041 0.05066666666666664
1 0.07528180354267311 0.6173333333333333 0.06360708534621579 0.17866666666666664
1 0.4915458937198067 0.47733333333333333 0.012077294685990336 0.03733333333333333
1 0.3003220611916264 0.5306666666666666 0.03059581320450888 0.09066666666666662
1 0.33695652173913043 0.5093333333333333 0.0249597423510467 0.09600000000000003
1 0.3780193236714976 0.5013333333333333 0.018518518518518545 0.064
1 0.4219001610305958 0.4933333333333333 0.014492753623188415 0.04799999999999999
1 0.20571658615136876 0.5253333333333333 0.02657004830917875 0.09600000000000003
1 0.19041867954911434 0.512 0.02012882447665057 0.0693333333333333
