0 0.6823671497584541 0.6533333333333333 0.10064412238325282 0.3093333333333334
1 0.27938808373590984 0.6933333333333334 0.09339774557165861 0.272
1 0.35185185185185186 0.5986666666666667 0.056360708534621606 0.17866666666666664
1 0.38687600644122383 0.5746666666666667 0.04589371980676327 0.1306666666666667
0 0.6103059581320451 0.5760000000000001 0.06119162640901765 0.18666666666666665
0 0.5797101449275363 0.5453333333333333 0.04347826086956519 0.13599999999999995
0 0.7818035426731079 0.492 0.011272141706924366 0.13600000000000007
0 0.5326086956521738 0.512 0.020128824476650542 0.0693333333333333
0 0.4963768115942029 0.5093333333333333 0.01529790660225444 0.04799999999999999
1 0.4553140096618358 0.5 0.00724637681159418 0.040000000000000036
