0 0.5060386473429952 0.548 0.050724637681159424 0.136
0 0.2677133655394525 0.692 0.12157809983896942 0.4293333333333333
0 0.32407407407407407 0.6146666666666667 0.07165861513687599 0.2693333333333333
0 0.4219001610305958 0.5413333333333333 0.03059581320450888 0.1333333333333333
0 0.427938808373591 0.512 0.0249597423510467 0.10133333333333333
0 0.4416264090177134 0.508 0.021739130434782594 0.08800000000000002
0 0.4726247987117552 0.4653333333333334 0.014492753623188415 0.08266666666666672
0 0.7729468599033816 0.64 0.11433172302737526 0.36799999999999994
0 0.6489533011272142 0.5693333333333334 0.05958132045088571 0.17333333333333334
0 0.6095008051529791 0.5426666666666666 0.0434782608695653 0.1253333333333333
0 0.5921900161030595 0.5133333333333333 0.03945249597423517 0.1253333333333333
0 0.5048309178743962 0.5 0.028985507246376774 0.08800000000000002
1 0.15177133655394526 0.5840000000000001 0.06521739130434781 0.19200000000000006
