0 0.4963768115942029 0.5253333333333333 0.0346215780998389 0.10666666666666669
0 0.7661030595813205 0.6666666666666667 0.1312399355877617 0.44266666666666665
0 0.681561996779388 0.6053333333333333 0.0813204508856683 0.288
0 0.6147342995169083 0.5760000000000001 0.060386473429951626 0.20266666666666666
0 0.5861513687600644 0.5466666666666666 0.046698872785829404 0.1813333333333333
0 0.5756843800322061 0.536 0.03864734299516903 0.1386666666666666
0 0.5587761674718197 0.5226666666666666 0.027375201288244777 0.128
1 0.42673107890499196 0.5026666666666666 0.014492753623188415 0.04533333333333334
0 0.5253623188405797 0.492 0.013687600644122444 0.055999999999999994
0 0.5185185185185186 0.4826666666666667 0.012882447665056307 0.0586666666666667
1 0.3997584541062802 0.4933333333333333 0.013687600644122333 0.04799999999999999
