0 0.6505636070853462 0.6053333333333333 0.08695652173913038 0.2666666666666667
1 0.30394524959742353 0.636 0.08132045088566825 0.2373333333333334
1 0.35990338164251207 0.5693333333333332 0.05152979066022545 0.16266666666666663
1 0.39170692431561993 0.5413333333333333 0.04267310789049922 0.1226666666666667
0 0.5970209339774557 0.5493333333333333 0.05555555555555558 0.1706666666666667
0 0.57085346215781 0.52 0.040257648953301084 0.12799999999999995
0 0.7644927536231885 0.45999999999999996 0.010466988727858229 0.13066666666666665
0 0.5289855072463767 0.492 0.019323671497584516 0.06666666666666665
0 0.4935587761674718 0.4866666666666667 0.014492753623188415 0.04533333333333328
1 0.4537037037037037 0.4786666666666667 0.00724637681159418 0.03999999999999998
