0 0.5487510072522159 0.5186170212765957 0.029008863819500408 0.08510638297872342
0 0.5116841257050766 0.4920212765957447 0.016116035455277955 0.0478723404255319
0 0.3049959709911362 0.5890957446808511 0.07010475423045931 0.22606382978723405
0 0.13376309427880742 0.589095744680851 0.06607574536663981 0.19946808510638298
0 0.2634971796937953 0.5265957446808511 0.040290088638195026 0.15957446808510645
0 0.39564867042707497 0.5292553191489362 0.03545527800161158 0.101063829787234
0 0.32232070910556 0.511968085106383 0.037066881547139385 0.11968085106382975
0 0.427477840451249 0.511968085106383 0.02497985495568089 0.07180851063829785
0 0.4931506849315068 0.5079787234042553 0.027397260273972657 0.08510638297872336
0 0.36865431103948426 0.5106382978723404 0.026591458501208698 0.07446808510638298
0 0.443593875906527 0.4960106382978723 0.015310233682514107 0.04521276595744678
0 0.37993553585817885 0.49468085106382975 0.02336825141015314 0.07978723404255317
