0 0.5056360708534622 0.5413333333333333 0.0499194847020934 0.1333333333333333
0 0.250805152979066 0.6773333333333333 0.11513687600644121 0.3893333333333333
0 0.40740740740740744 0.5573333333333333 0.037037037037037035 0.15999999999999998
0 0.4186795491143317 0.5226666666666666 0.02737520128824472 0.11199999999999999
0 0.43438003220611915 0.5186666666666666 0.0249597423510467 0.09866666666666662
0 0.4690016103059581 0.46266666666666667 0.01529790660225444 0.08800000000000002
0 0.6896135265700483 0.6066666666666667 0.0748792270531401 0.21600000000000003
0 0.6300322061191627 0.5666666666666667 0.052334943639291476 0.14666666666666667
0 0.604669887278583 0.524 0.04508856682769724 0.14133333333333337
1 0.16948470209339772 0.5733333333333333 0.057165861513687605 0.18666666666666665
1 0.2612721417069243 0.5373333333333333 0.04106280193236714 0.13599999999999995
0 0.5036231884057971 0.4973333333333333 0.0297906602254428 0.08800000000000002
1 0.044685990338164255 0.616 0.08776167471819646 0.256
1 0.10104669887278583 0.5346666666666666 0.042673107890499204 0.14133333333333326
