0 0.49516908212560384 0.5266666666666666 0.03864734299516903 0.12
1 0.3526570048309179 0.54 0.03220611916264088 0.08799999999999997
0 0.605475040257649 0.5493333333333333 0.048309178743961345 0.192
0 0.5615942028985508 0.5293333333333333 0.03462157809983901 0.1253333333333333
0 0.5338164251207729 0.4906666666666667 0.02254428341384862 0.10133333333333333
1 0.3353462157809984 0.5106666666666666 0.023349436392914646 0.07733333333333337
1 0.35708534621578103 0.49866666666666665 0.018518518518518545 0.06399999999999995
1 0.4033816425120773 0.4946666666666667 0.012882447665056362 0.040000000000000036
1 0.31441223832528176 0.5026666666666666 0.01529790660225444 0.05599999999999994
1 0.142914653784219 0.512 0.023349436392914646 0.06400000000000006
