1 0.26207729468599034 0.732 0.13285024154589373 0.4613333333333334
0 0.787842190016103 0.744 0.16183574879227047 0.5013333333333334
0 0.8623188405797102 0.5053333333333333 0.0628019323671497 0.24799999999999994
1 0.38285024154589375 0.5746666666666667 0.05877616747181963 0.18399999999999994
1 0.41706924315619964 0.5493333333333333 0.043478260869565244 0.13866666666666672
1 0.6968599033816425 0.504 0.029790660225442855 0.11200000000000004
1 0.6743156199677939 0.5013333333333334 0.023349436392914757 0.10133333333333339
0 0.5905797101449275 0.528 0.036231884057971064 0.11199999999999999
1 0.45974235104669886 0.5106666666666667 0.027375201288244777 0.09333333333333332
1 0.4742351046698873 0.496 0.027375201288244777 0.10133333333333328
0 0.6509661835748792 0.476 0.004025764895330131 0.07200000000000001
0 0.5434782608695652 0.45866666666666667 0.03059581320450888 0.1226666666666667
