0 0.621273166800967 0.6077127659574468 0.06929895245769535 0.20478723404255317
0 0.2526188557614827 0.6622340425531915 0.10394842868654311 0.3085106382978724
0 0.3751007252215955 0.5545212765957447 0.04754230459307007 0.15159574468085107
0 0.5507655116841257 0.5319148936170213 0.03626107977437554 0.10638297872340424
0 0.40451248992747785 0.5372340425531915 0.03384367445608383 0.101063829787234
0 0.32312651087832395 0.5332446808510638 0.030620467365028214 0.09308510638297868
0 0.36341659951651895 0.5212765957446809 0.02256244963738918 0.06914893617021273
0 0.43473005640612405 0.5106382978723405 0.01853344077356972 0.05319148936170215
0 0.4818694601128123 0.5066489361702128 0.019339242546333624 0.061170212765957466
0 0.5145044319097503 0.5039893617021277 0.015310233682514052 0.050531914893617025
0 0.5048348106365834 0.5013297872340425 0.013698630136986356 0.04521276595744678
1 0.19943593875906526 0.4773936170212766 0.028203062046736505 0.09840425531914887
