0 0.4758454106280193 0.5346666666666666 0.03864734299516909 0.10399999999999998
1 0.1747181964573269 0.6666666666666666 0.10305958132045089 0.31466666666666665
0 0.32004830917874394 0.6946666666666667 0.11030595813204508 0.30666666666666664
0 0.3860708534621578 0.6066666666666667 0.07165861513687599 0.21066666666666667
1 0.34782608695652173 0.5493333333333333 0.03864734299516909 0.15999999999999998
0 0.4315619967793881 0.4893333333333333 0.014492753623188415 0.07200000000000001
0 0.7419484702093397 0.476 0.1908212560386474 0.8453333333333333
0 0.5462962962962963 0.5466666666666666 0.04106280193236711 0.12266666666666665
0 0.5273752012882447 0.524 0.027375201288244777 0.08266666666666667
0 0.5157004830917875 0.4653333333333334 0.03784219001610312 0.16799999999999998
1 0.17954911433172302 0.5226666666666666 0.03542673107890498 0.09599999999999997
0 0.4681964573268921 0.5146666666666666 0.026570048309178695 0.07999999999999996
