1 0.7733494363929146 0.6066666666666667 0.0813204508856682 0.5626666666666666
1 0.30112721417069244 0.5826666666666667 0.07246376811594202 0.2106666666666666
1 0.35104669887278583 0.6 0.09661835748792269 0.2826666666666666
0 0.8389694041867954 0.436 0.02898550724637683 0.10399999999999998
0 0.9500805152979066 0.41600000000000004 0.033816425120772875 0.12266666666666665
0 0.8788244766505635 0.44133333333333336 0.029790660225442855 0.09333333333333332
1 0.3462157809983897 0.556 0.048309178743961345 0.1466666666666666
1 0.5559581320450886 0.49466666666666664 0.029790660225442855 0.08799999999999997
0 0.4967793880837359 0.5013333333333334 0.022544283413848676 0.06933333333333336
0 0.4597423510466989 0.46799999999999997 0.009661835748792258 0.03999999999999998
