0 0.4975845410628019 0.5266666666666667 0.040257648953301084 0.12533333333333335
1 0.2077294685990338 0.62 0.06924315619967794 0.18933333333333335
0 0.7045088566827697 0.628 0.10144927536231885 0.36000000000000004
0 0.6006441223832528 0.5533333333333333 0.05152979066022545 0.184
0 0.5881642512077294 0.5373333333333333 0.03945249597423517 0.15199999999999997
0 0.5825281803542672 0.5173333333333333 0.03462157809983901 0.13866666666666666
0 0.5466988727858293 0.4906666666666667 0.02898550724637683 0.1226666666666667
0 0.5354267310789049 0.49866666666666665 0.019323671497584516 0.07999999999999996
0 0.5241545893719807 0.48533333333333334 0.012882447665056418 0.053333333333333344
1 0.30877616747181963 0.5146666666666667 0.028180354267310803 0.09066666666666673
1 0.428341384863124 0.4666666666666667 0.019323671497584516 0.08533333333333332
1 0.3385668276972625 0.5093333333333333 0.021739130434782594 0.07466666666666666
1 0.36191626409017713 0.504 0.01851851851851849 0.05333333333333329
1 0.3961352657004831 0.492 0.014492753623188415 0.04533333333333339
1 0.2898550724637681 0.5066666666666666 0.017713365539452464 0.06399999999999995
1 0.08454106280193237 0.5173333333333333 0.0289855072463768 0.07466666666666666
