0 0.4871175523349437 0.5293333333333333 0.045088566827697296 0.12000000000000005
0 0.321658615136876 0.608 0.07648953301127215 0.26133333333333336
0 0.34903381642512077 0.5680000000000001 0.05394524959742353 0.20800000000000002
0 0.38808373590982287 0.5306666666666666 0.033816425120772986 0.12266666666666665
0 0.4170692431561997 0.512 0.024154589371980673 0.10133333333333333
0 0.6545893719806763 0.5893333333333333 0.07568438003220612 0.21333333333333326
0 0.5555555555555556 0.5146666666666666 0.03059581320450888 0.08533333333333337
0 0.5289855072463767 0.4693333333333334 0.02254428341384862 0.09066666666666673
0 0.48711755233494364 0.5 0.02898550724637683 0.08800000000000002
1 0.22342995169082125 0.5 0.02657004830917875 0.07733333333333331
