0 0.4879227053140097 0.54 0.045088566827697296 0.12
0 0.34219001610305955 0.604 0.06441223832528181 0.22666666666666674
0 0.3635265700483092 0.5733333333333333 0.04750402576489532 0.18666666666666665
0 0.39492753623188404 0.5293333333333333 0.03140096618357485 0.1146666666666667
0 0.4210950080515298 0.516 0.02254428341384862 0.09866666666666668
0 0.7685185185185185 0.6026666666666667 0.15700483091787443 0.6079999999999999
0 0.6364734299516908 0.5933333333333333 0.06682769726247983 0.1893333333333333
0 0.5527375201288245 0.5293333333333333 0.029790660225442855 0.08266666666666667
0 0.5281803542673107 0.48133333333333334 0.02254428341384862 0.08799999999999997
0 0.4887278582930757 0.512 0.02898550724637683 0.08533333333333332
1 0.07930756843800323 0.54 0.08132045088566828 0.3333333333333333
1 0.2363123993558776 0.5093333333333333 0.0249597423510467 0.07466666666666666
