0 0.539049919484702 0.728 0.15700483091787437 0.4906666666666667
0 0.5998389694041868 0.5293333333333333 0.040257648953301084 0.15199999999999997
0 0.5656199677938809 0.5093333333333333 0.021739130434782594 0.09600000000000003
0 0.5471014492753623 0.5026666666666666 0.0185185185185186 0.07199999999999995
1 0.4005636070853462 0.516 0.023349436392914646 0.07200000000000006
1 0.06441223832528181 0.624 0.06602254428341385 0.18666666666666676
1 0.46457326892109496 0.48933333333333334 0.014492753623188415 0.04533333333333334
1 0.2995169082125604 0.5346666666666666 0.03059581320450888 0.09333333333333338
1 0.3361513687600644 0.5146666666666666 0.0249597423510467 0.09599999999999997
1 0.3776167471819646 0.504 0.019323671497584516 0.06400000000000006
1 0.4214975845410628 0.496 0.01529790660225444 0.04800000000000004
1 0.20169082125603865 0.5293333333333333 0.02657004830917875 0.09866666666666668
1 0.18719806763285024 0.516 0.020128824476650542 0.07200000000000006
