0 0.49838969404186795 0.528 0.048309178743961345 0.12799999999999995
0 0.29307568438003223 0.6746666666666666 0.09983896940418682 0.3733333333333333
0 0.3603059581320451 0.5533333333333333 0.04750402576489532 0.184
0 0.39251207729468596 0.5373333333333333 0.03945249597423511 0.15199999999999997
0 0.4219001610305958 0.5066666666666667 0.025764895330112725 0.10133333333333333
0 0.4528985507246377 0.4666666666666667 0.020128824476650542 0.11199999999999993
0 0.7761674718196457 0.6693333333333333 0.11272141706924321 0.32000000000000006
0 0.6698872785829308 0.5573333333333333 0.07729468599033817 0.2453333333333334
1 0.03542673107890499 0.6 0.07085346215780998 0.26133333333333336
0 0.4947665056360709 0.4906666666666667 0.028180354267310803 0.08533333333333332
1 0.16948470209339775 0.5546666666666666 0.05877616747181963 0.1866666666666667
1 0.23711755233494364 0.536 0.04267310789049919 0.14399999999999996
