0 0.49557165861513686 0.5266666666666666 0.037842190016103006 0.12
1 0.34178743961352653 0.5453333333333333 0.03462157809983896 0.09333333333333332
0 0.6139291465378421 0.5559999999999999 0.052334943639291476 0.2053333333333333
0 0.5652173913043479 0.5333333333333333 0.03542673107890504 0.1333333333333333
0 0.5587761674718197 0.508 0.025764895330112725 0.10933333333333334
0 0.5354267310789049 0.492 0.024154589371980673 0.10400000000000004
0 0.5269726247987118 0.4973333333333333 0.01690821256038655 0.0666666666666666
1 0.3321256038647343 0.5106666666666666 0.023349436392914646 0.07733333333333337
1 0.4408212560386473 0.46799999999999997 0.01529790660225444 0.07200000000000001
1 0.35507246376811596 0.5 0.01932367149758457 0.06666666666666665
1 0.4029790660225443 0.4946666666666667 0.013687600644122389 0.040000000000000036
1 0.31038647342995174 0.504 0.01529790660225444 0.058666666666666645
1 0.1360708534621578 0.5106666666666667 0.024154589371980673 0.06666666666666671
