0 0.5036231884057971 0.5640000000000001 0.052334943639291476 0.16266666666666663
0 0.6328502415458938 0.5826666666666667 0.054750402576489554 0.21599999999999997
0 0.5760869565217391 0.544 0.03623188405797095 0.13333333333333336
1 0.3248792270531401 0.5573333333333333 0.04267310789049916 0.13866666666666672
1 0.17552334943639292 0.5720000000000001 0.048309178743961345 0.17866666666666664
1 0.4214975845410628 0.5173333333333334 0.02657004830917875 0.06933333333333336
1 0.48510466988727863 0.4893333333333334 0.013687600644122389 0.05066666666666669
1 0.29267310789049916 0.5386666666666666 0.0297906602254428 0.10133333333333339
1 0.37600644122383253 0.5213333333333333 0.020933977455716568 0.06666666666666665
0 0.5269726247987118 0.4933333333333333 0.013687600644122444 0.04799999999999999
1 0.1996779388083736 0.54 0.02898550724637683 0.09866666666666674
