0 0.49516908212560384 0.5493333333333333 0.04347826086956519 0.11733333333333335
0 0.18115942028985507 0.7453333333333333 0.15942028985507245 0.49333333333333335
0 0.35466988727858295 0.5893333333333333 0.05394524959742347 0.20266666666666666
0 0.3743961352657005 0.5680000000000001 0.04669887278582929 0.17066666666666663
0 0.4029790660225443 0.54 0.029790660225442855 0.1146666666666667
0 0.43276972624798715 0.4933333333333333 0.0297906602254428 0.16533333333333328
0 0.4927536231884058 0.5213333333333333 0.027375201288244777 0.08266666666666667
1 0.13083735909822866 0.536 0.044283413848631256 0.13333333333333336
1 0.2028985507246377 0.532 0.02737520128824475 0.08266666666666672
1 0.32045088566827695 0.4813333333333333 0.028985507246376774 0.11466666666666664
