0 0.7971014492753623 0.6466666666666667 0.16747181964573277 0.4933333333333333
0 0.465378421900161 0.508 0.04025764895330114 0.14666666666666672
0 0.3091787439613527 0.5373333333333333 0.04025764895330114 0.10933333333333328
0 0.23389694041867956 0.5186666666666666 0.03784219001610306 0.15200000000000002
0 0.40177133655394526 0.496 0.02898550724637683 0.08533333333333332
0 0.605475040257649 0.504 0.03542673107890504 0.10666666666666669
1 0.5205314009661837 0.44666666666666666 0.021739130434782594 0.09866666666666668
0 0.6485507246376812 0.504 0.0346215780998389 0.11200000000000004
1 0.48429951690821255 0.43333333333333335 0.02657004830917875 0.13599999999999995
0 0.10789049919484703 0.552 0.03703703703703705 0.11733333333333335
