0 0.4818840579710145 0.5653333333333332 0.047504025764895375 0.128
1 0.177938808373591 0.6826666666666668 0.10305958132045087 0.33599999999999997
0 0.2652979066022544 0.796 0.15861513687600642 0.376
0 0.36191626409017713 0.64 0.07971014492753625 0.24
0 0.38687600644122383 0.5946666666666667 0.05555555555555558 0.15999999999999992
1 0.34178743961352653 0.5813333333333333 0.03784219001610306 0.14400000000000002
0 0.44001610305958133 0.532 0.023349436392914646 0.06133333333333335
0 0.717391304347826 0.7706666666666666 0.1465378421900161 0.3786666666666666
0 0.6123188405797102 0.608 0.06521739130434778 0.22933333333333333
0 0.5289855072463767 0.5413333333333333 0.02898550724637683 0.08533333333333332
0 0.5245571658615137 0.48133333333333334 0.037842190016103006 0.16800000000000004
1 0.19082125603864736 0.5413333333333333 0.032206119162640906 0.08533333333333332
0 0.47705314009661837 0.5386666666666666 0.029790660225442855 0.09066666666666662
1 0.05676328502415459 0.5746666666666667 0.0426731078904992 0.1253333333333333
