0 0.5 0.52 0.048309178743961345 0.12799999999999995
0 0.32689210950080516 0.6213333333333333 0.07890499194847023 0.304
0 0.37399355877616747 0.5306666666666666 0.04267310789049916 0.16533333333333328
0 0.40177133655394526 0.5173333333333333 0.03542673107890498 0.13866666666666666
0 0.42673107890499196 0.49333333333333335 0.024154589371980673 0.09599999999999997
0 0.4569243156199678 0.4493333333333333 0.018518518518518545 0.10399999999999998
0 0.7318840579710145 0.616 0.09500805152979064 0.2666666666666666
0 0.6529790660225443 0.5293333333333333 0.06924315619967791 0.22133333333333333
1 0.09460547504025765 0.5666666666666667 0.061996779388083734 0.22666666666666674
0 0.4963768115942029 0.47866666666666663 0.02818035426731086 0.08799999999999997
1 0.20249597423510468 0.5293333333333333 0.05233494363929145 0.16799999999999993
1 0.25483091787439616 0.5053333333333333 0.03945249597423511 0.13066666666666665
