1 0.24557165861513686 0.7653333333333334 0.10628019323671498 0.3413333333333334
0 0.6984702093397746 0.7333333333333334 0.1183574879227054 0.3786666666666666
0 0.6095008051529791 0.644 0.06763285024154586 0.20533333333333337
1 0.3361513687600644 0.668 0.06521739130434778 0.18933333333333335
1 0.3747987117552335 0.6226666666666667 0.044283413848631215 0.1413333333333333
1 0.3973429951690821 0.6093333333333333 0.03784219001610306 0.1093333333333334
0 0.5760869565217391 0.6000000000000001 0.04750402576489532 0.14400000000000002
0 0.5559581320450886 0.5853333333333334 0.036231884057971064 0.1146666666666667
0 0.7359098228663445 0.5226666666666667 0.00805152979066015 0.11733333333333335
0 0.5213365539452497 0.5533333333333332 0.01851851851851849 0.06133333333333335
1 0.4500805152979066 0.5373333333333333 0.006441223832528209 0.040000000000000036
