0 0.4963768115942029 0.5213333333333333 0.0346215780998389 0.10933333333333328
0 0.7298711755233493 0.6813333333333333 0.1312399355877617 0.40266666666666673
0 0.645330112721417 0.5986666666666667 0.07971014492753625 0.29600000000000004
0 0.6115136876006442 0.564 0.058776167471819574 0.2053333333333333
0 0.5845410628019323 0.5373333333333333 0.03864734299516914 0.1786666666666667
0 0.5644122383252819 0.5186666666666667 0.027375201288244777 0.10933333333333334
1 0.4066022544283414 0.5133333333333334 0.01932367149758457 0.06133333333333335
0 0.5418679549114331 0.5013333333333333 0.017713365539452464 0.08000000000000002
0 0.5293880837359097 0.496 0.016908212560386437 0.064
0 0.5217391304347826 0.4826666666666667 0.01449275362318847 0.06400000000000006
1 0.3888888888888889 0.49333333333333335 0.01610305958132041 0.053333333333333344
1 0.3683574879227053 0.492 0.010466988727858284 0.040000000000000036
