0 0.4943639291465378 0.5266666666666666 0.03703703703703698 0.11466666666666664
0 0.7697262479871176 0.6853333333333333 0.13365539452495978 0.432
0 0.6654589371980677 0.6106666666666667 0.07648953301127215 0.272
1 0.393719806763285 0.5093333333333333 0.020933977455716624 0.058666666666666645
1 0.19323671497584544 0.628 0.06924315619967794 0.21599999999999997
0 0.572061191626409 0.5226666666666666 0.03301127214170685 0.13866666666666666
0 0.5462962962962963 0.5106666666666667 0.02657004830917875 0.09866666666666674
0 0.5261674718196457 0.488 0.020128824476650653 0.08533333333333326
1 0.3530595813204509 0.4946666666666667 0.020128824476650542 0.06666666666666671
1 0.3691626409017713 0.4933333333333333 0.016908212560386493 0.05866666666666659
1 0.40780998389694045 0.4866666666666667 0.012077294685990336 0.03466666666666668
1 0.33212560386473433 0.492 0.013687600644122389 0.05066666666666664
