0 0.49597423510466987 0.5506666666666666 0.04347826086956519 0.11466666666666664
0 0.3381642512077294 0.6026666666666667 0.06280193236714976 0.2293333333333334
0 0.36312399355877617 0.5746666666666667 0.05152979066022545 0.18933333333333335
0 0.3969404186795491 0.5466666666666666 0.03220611916264088 0.12266666666666665
0 0.42995169082125606 0.49333333333333335 0.03220611916264088 0.17600000000000005
0 0.5265700483091788 0.48933333333333334 0.02093397745571668 0.07733333333333337
0 0.49315619967793883 0.5186666666666667 0.02657004830917875 0.08266666666666672
0 0.44605475040257647 0.5106666666666667 0.016103059581320467 0.09866666666666674
1 0.1034621578099839 0.532 0.04750402576489535 0.14133333333333337
1 0.18478260869565216 0.5293333333333333 0.029790660225442828 0.08800000000000002
1 0.3144122383252818 0.484 0.029790660225442855 0.12000000000000005
