1 0.9066022544283414 0.5559999999999999 0.09822866344605474 0.27999999999999997
1 0.8095813204508857 0.5333333333333333 0.06360708534621573 0.22399999999999998
1 0.7556360708534622 0.5186666666666667 0.044283413848631215 0.184
1 0.7177938808373592 0.5106666666666666 0.03784219001610312 0.16266666666666663
1 0.6908212560386473 0.516 0.033816425120772986 0.1306666666666667
0 0.6421095008051529 0.6 0.08776167471819651 0.27199999999999996
0 0.5958132045088567 0.5626666666666666 0.056360708534621606 0.15466666666666667
1 0.35950080515297905 0.5720000000000001 0.05555555555555558 0.19466666666666665
1 0.4001610305958132 0.5266666666666666 0.048309178743961345 0.17866666666666664
0 0.6723027375201288 0.4826666666666667 0.008051529790660261 0.10666666666666669
1 0.4384057971014493 0.52 0.029790660225442855 0.09599999999999997
0 0.5173107890499195 0.45066666666666666 0.04106280193236711 0.1706666666666667
