0 0.49597423510466987 0.54 0.04347826086956519 0.1146666666666667
1 0.26288244766505636 0.6266666666666667 0.07326892109500804 0.2453333333333333
1 0.32045088566827695 0.5813333333333333 0.0531400966183575 0.21333333333333326
1 0.36795491143317227 0.5426666666666666 0.03220611916264088 0.12
0 0.42914653784219003 0.5466666666666666 0.04186795491143319 0.11733333333333329
1 0.4146537842190016 0.5146666666666666 0.020933977455716568 0.09599999999999997
0 0.6199677938808374 0.6066666666666667 0.07085346215780997 0.21066666666666667
0 0.5901771336553945 0.45599999999999996 0.07085346215780997 0.3146666666666666
0 0.5189210950080516 0.45733333333333337 0.028180354267310803 0.12533333333333335
0 0.4927536231884058 0.5093333333333334 0.027375201288244777 0.08533333333333337
1 0.1892109500805153 0.5293333333333333 0.030595813204508854 0.09866666666666668
