0 0.5181159420289855 0.5986666666666667 0.070048309178744 0.21600000000000003
0 0.6107085346215781 0.556 0.04750402576489532 0.1733333333333334
0 0.569243156199678 0.5346666666666666 0.024154589371980673 0.10399999999999998
0 0.5495169082125604 0.524 0.020128824476650653 0.07733333333333331
1 0.38687600644122383 0.5373333333333333 0.028180354267310803 0.08800000000000002
1 0.44524959742351045 0.5133333333333334 0.01771336553945252 0.06133333333333335
1 0.4774557165861514 0.5026666666666666 0.014492753623188415 0.04533333333333334
1 0.28019323671497587 0.5613333333333334 0.03381642512077293 0.09866666666666668
1 0.322463768115942 0.536 0.02657004830917875 0.10133333333333333
1 0.3683574879227053 0.524 0.020128824476650597 0.06666666666666671
1 0.41425120772946855 0.5146666666666666 0.01529790660225444 0.04799999999999999
1 0.17351046698872785 0.5546666666666666 0.029790660225442828 0.10666666666666669
1 0.1578099838969404 0.5373333333333333 0.020933977455716596 0.07733333333333331
