0 0.4931561996779388 0.5479999999999999 0.04267310789049916 0.11466666666666664
0 0.19524959742351047 0.7093333333333334 0.13446054750402575 0.4106666666666666
0 0.32407407407407407 0.552 0.10064412238325282 0.4853333333333333
0 0.3840579710144928 0.5746666666666667 0.037037037037037035 0.16266666666666668
0 0.4464573268921095 0.496 0.016908212560386493 0.08533333333333332
0 0.538647342995169 0.48933333333333334 0.027375201288244777 0.10399999999999998
0 0.48993558776167473 0.5186666666666667 0.02657004830917875 0.08266666666666672
0 0.41183574879227053 0.5386666666666666 0.03140096618357491 0.1813333333333333
1 0.08413848631239935 0.5933333333333333 0.0748792270531401 0.23733333333333329
1 0.2250402576489533 0.4653333333333333 0.044283413848631215 0.17866666666666664
