0 0.6184528605962933 0.6077127659574468 0.06526994359387595 0.19414893617021278
0 0.2429492344883159 0.6715425531914894 0.10878323932312653 0.32180851063829796
0 0.37389202256244963 0.5598404255319149 0.048348106365833976 0.15691489361702132
0 0.5487510072522159 0.5332446808510638 0.03384367445608383 0.09840425531914898
0 0.2397260273972603 0.5691489361702128 0.04915390813859791 0.1489361702127659
0 0.40370668815471394 0.5398936170212766 0.03384367445608383 0.1010638297872341
0 0.32151490733279614 0.538563829787234 0.030620467365028214 0.09308510638297873
0 0.36261079774375504 0.5265957446808511 0.02256244963738918 0.06914893617021278
0 0.43553585817888796 0.5146276595744681 0.01853344077356972 0.050531914893617025
0 0.3968573730862208 0.49734042553191493 0.01853344077356972 0.06382978723404259
0 0.4830781627719581 0.5093085106382979 0.02014504431909747 0.06117021276595741
0 0.5132957292506044 0.5079787234042553 0.014504431909750148 0.0478723404255319
0 0.5044319097502015 0.5053191489361701 0.012892828364222453 0.04255319148936165
