0 0.48590982286634465 0.5306666666666666 0.04589371980676332 0.12266666666666665
0 0.29106280193236717 0.6466666666666666 0.09259259259259259 0.312
0 0.33011272141706927 0.5866666666666667 0.06280193236714976 0.23466666666666663
0 0.38003220611916266 0.54 0.037037037037037035 0.136
0 0.41304347826086957 0.516 0.025764895330112725 0.10933333333333334
0 0.67914653784219 0.6106666666666667 0.08615136876006435 0.2453333333333333
0 0.5591787439613527 0.5213333333333333 0.03301127214170696 0.09333333333333327
0 0.5301932367149758 0.4733333333333334 0.023349436392914646 0.09333333333333332
0 0.4883252818035427 0.5026666666666666 0.029790660225442855 0.08799999999999997
1 0.0853462157809984 0.5333333333333333 0.03864734299516909 0.11733333333333329
1 0.20853462157809982 0.5053333333333333 0.02737520128824475 0.08266666666666661
