1 0.2077294685990338 0.7613333333333334 0.12399355877616744 0.4026666666666666
0 0.749597423510467 0.7373333333333334 0.14492753623188404 0.4666666666666667
0 0.6288244766505635 0.608 0.07568438003220612 0.22933333333333333
1 0.321658615136876 0.6413333333333333 0.07326892109500804 0.21066666666666667
1 0.3687600644122383 0.5813333333333334 0.04669887278582935 0.14933333333333332
1 0.394524959742351 0.5626666666666666 0.04025764895330114 0.11733333333333329
0 0.5857487922705314 0.568 0.050724637681159424 0.15466666666666667
0 0.5628019323671498 0.5413333333333333 0.03864734299516914 0.11733333333333329
0 0.75 0.4866666666666667 0.008856682769726287 0.12533333333333335
0 0.5249597423510467 0.5093333333333333 0.019323671497584627 0.064
1 0.45169082125603865 0.5026666666666666 0.006441223832528209 0.039999999999999925
