1 0.12560386473429952 0.7133333333333334 0.0933977455716586 0.29066666666666674
1 0.2528180354267311 0.6293333333333333 0.059581320450885655 0.19200000000000006
1 0.31763285024154586 0.5893333333333333 0.047504025764895375 0.13333333333333341
0 0.8474235104669887 0.48133333333333334 0.0314009661835748 0.18400000000000005
1 0.7049114331723028 0.4693333333333334 0.01851851851851849 0.1653333333333334
1 0.6678743961352658 0.4786666666666667 0.013687600644122333 0.14666666666666672
1 0.6300322061191627 0.48133333333333334 0.008856682769726287 0.12
1 0.3659420289855072 0.5546666666666666 0.033011272141706904 0.10133333333333328
0 0.5748792270531401 0.5306666666666666 0.041867954911433136 0.128
0 0.5567632850241546 0.52 0.03301127214170696 0.11199999999999993
