0 0.5040257648953301 0.5933333333333333 0.06280193236714982 0.16800000000000004
1 0.14855072463768115 0.5640000000000001 0.05072463768115941 0.15733333333333338
0 0.5942028985507246 0.52 0.05958132045088571 0.22400000000000003
1 0.26207729468599034 0.516 0.03140096618357488 0.1146666666666667
0 0.39291465378421897 0.54 0.03542673107890498 0.1466666666666666
0 0.4223027375201288 0.536 0.023349436392914646 0.10133333333333333
0 0.43719806763285024 0.52 0.017713365539452464 0.08533333333333332
0 0.4524959742351047 0.5 0.012882447665056362 0.05600000000000005
0 0.5628019323671498 0.524 0.032206119162640934 0.08799999999999997
0 0.4842995169082126 0.5373333333333333 0.03462157809983896 0.10400000000000004
1 0.27053140096618356 0.5053333333333333 0.025764895330112725 0.07200000000000001
