0 0.7580515297906603 0.72 0.16022544283413842 0.43733333333333335
0 0.6871980676328502 0.548 0.09420289855072472 0.29599999999999993
0 0.48792270531400966 0.4933333333333333 0.033816425120772986 0.12266666666666665
0 0.355475040257649 0.516 0.033011272141706904 0.09333333333333332
0 0.29508856682769724 0.49866666666666665 0.03140096618357485 0.128
0 0.606682769726248 0.4933333333333333 0.03140096618357491 0.09066666666666662
1 0.5358293075684379 0.44 0.020128824476650542 0.09066666666666667
0 0.644927536231884 0.48533333333333334 0.03059581320450888 0.09599999999999997
1 0.5020128824476651 0.428 0.02334943639291459 0.1253333333333333
0 0.18961352657004832 0.5173333333333333 0.029790660225442828 0.09600000000000003
0 0.11513687600644122 0.5213333333333333 0.030595813204508854 0.08800000000000002
