0 0.49597423510466987 0.528 0.033816425120772875 0.10666666666666669
1 0.07528180354267311 0.6 0.06682769726247986 0.20266666666666672
0 0.6602254428341385 0.5893333333333334 0.07085346215780997 0.26666666666666666
0 0.6256038647342995 0.5640000000000001 0.0531400966183575 0.2
0 0.5833333333333334 0.5546666666666666 0.044283413848631215 0.15466666666666667
0 0.5664251207729469 0.5306666666666666 0.036231884057971064 0.14400000000000002
0 0.5615942028985508 0.524 0.03140096618357491 0.1146666666666667
0 0.5487117552334944 0.5173333333333333 0.023349436392914646 0.11200000000000004
1 0.4347826086956522 0.5 0.012882447665056362 0.040000000000000036
0 0.5237520128824477 0.492 0.013687600644122444 0.05066666666666664
0 0.5169082125603865 0.484 0.011272141706924255 0.055999999999999994
1 0.4057971014492754 0.496 0.012882447665056362 0.04266666666666663
