0 0.43795326349717967 0.5093085106382979 0.015310233682514107 0.04521276595744678
0 0.5132957292506043 0.574468085106383 0.06446414182111199 0.19680851063829785
0 0.08299758259468171 0.6954787234042553 0.1192586623690572 0.3164893617021276
0 0.23569701853344077 0.5984042553191489 0.06526994359387592 0.18085106382978722
0 0.40975020145044316 0.5425531914893617 0.039484286865431095 0.12234042553191488
0 0.2880741337630943 0.5518617021276595 0.044319097502014515 0.11968085106382975
0 0.20588235294117646 0.550531914893617 0.04431909750201449 0.11702127659574468
0 0.33199033037872683 0.5265957446808511 0.025785656728444795 0.07978723404255322
0 0.2465753424657534 0.5106382978723405 0.035455278001611606 0.11702127659574468
0 0.3452860596293312 0.5172872340425532 0.021756647864625278 0.06117021276595741
0 0.36502820306204675 0.49069148936170215 0.019339242546333624 0.08244680851063829
