0 0.49516908212560384 0.5253333333333333 0.03542673107890493 0.11200000000000004
0 0.7338969404186795 0.6906666666666667 0.14090177133655402 0.4426666666666667
0 0.6517713365539453 0.596 0.07648953301127215 0.312
0 0.6276167471819646 0.5746666666666667 0.05394524959742353 0.20533333333333337
0 0.5925925925925926 0.5453333333333333 0.040257648953301084 0.15733333333333333
1 0.4214975845410628 0.4986666666666667 0.01529790660225444 0.042666666666666686
1 0.356682769726248 0.54 0.030595813204508826 0.09333333333333332
0 0.5527375201288245 0.512 0.023349436392914646 0.10133333333333333
0 0.536634460547504 0.5026666666666667 0.020128824476650542 0.07733333333333331
0 0.5233494363929146 0.4853333333333333 0.016103059581320522 0.0746666666666666
1 0.37278582930756843 0.4986666666666667 0.017713365539452464 0.0586666666666667
1 0.3526570048309179 0.49466666666666664 0.01127214170692431 0.04533333333333334
