0 0.49516908212560384 0.5253333333333333 0.03542673107890493 0.11200000000000004
0 0.6706924315619968 0.612 0.08695652173913038 0.3493333333333333
0 0.6384863123993558 0.584 0.0595813204508856 0.22399999999999998
0 0.5990338164251208 0.5533333333333333 0.04347826086956519 0.16799999999999998
1 0.4186795491143317 0.5 0.016103059581320467 0.04533333333333328
1 0.34500805152979064 0.5453333333333333 0.033011272141706904 0.10400000000000004
0 0.5539452495974235 0.5146666666666666 0.024154589371980673 0.10666666666666663
0 0.537842190016103 0.504 0.020933977455716568 0.08000000000000002
0 0.5237520128824477 0.4853333333333333 0.01690821256038655 0.0746666666666666
1 0.37037037037037035 0.5 0.01771336553945252 0.061333333333333295
1 0.3498389694041868 0.496 0.012077294685990392 0.04266666666666663
