0 0.4641418211120064 0.5106382978723404 0.01611603545527801 0.047872340425531845
0 0.5769540692989525 0.6023936170212766 0.07896857373086219 0.24202127659574474
0 0.23005640612409348 0.6236702127659575 0.07816277195809834 0.21010638297872342
0 0.12852538275584205 0.5571808510638298 0.0701047542304593 0.2207446808510638
0 0.3082191780821918 0.5731382978723404 0.050765511684125686 0.14095744680851063
0 0.4395648670427075 0.5372340425531915 0.03626107977437548 0.11170212765957449
0 0.3364222401289283 0.5412234042553191 0.03787268331990329 0.10372340425531917
0 0.2550362610797744 0.5452127659574468 0.039484286865431095 0.1063829787234043
0 0.3670427074939565 0.5252659574468085 0.02336825141015314 0.0718085106382979
0 0.28887993553585817 0.511968085106383 0.03142626913779212 0.10904255319148942
0 0.3779210314262691 0.5132978723404256 0.019339242546333624 0.058510638297872286
0 0.39242546333601935 0.4920212765957447 0.017727639000805817 0.07978723404255317
