0 0.4943639291465378 0.5493333333333333 0.04508856682769724 0.11733333333333335
0 0.20048309178743962 0.696 0.14492753623188404 0.544
0 0.34541062801932365 0.592 0.0499194847020934 0.20266666666666672
0 0.3852657004830918 0.5533333333333333 0.04267310789049916 0.20533333333333337
0 0.4146537842190016 0.5493333333333333 0.02898550724637683 0.11733333333333335
0 0.4400161030595813 0.512 0.01529790660225444 0.0693333333333333
0 0.5982286634460547 0.524 0.06280193236714982 0.2373333333333334
0 0.5358293075684379 0.5146666666666667 0.021739130434782594 0.0586666666666667
0 0.48792270531400966 0.5186666666666667 0.027375201288244777 0.08266666666666672
1 0.2749597423510467 0.528 0.04106280193236711 0.17066666666666663
