0 0.4963768115942029 0.5186666666666667 0.0346215780998389 0.10933333333333334
0 0.7141706924315621 0.6599999999999999 0.12560386473429952 0.43466666666666665
0 0.644122383252818 0.5973333333333334 0.07890499194847023 0.26666666666666666
0 0.604669887278583 0.5546666666666666 0.0499194847020934 0.21866666666666668
0 0.5958132045088567 0.5453333333333333 0.040257648953301084 0.15733333333333333
0 0.5744766505636071 0.5266666666666667 0.0314009661835748 0.12533333333333335
1 0.4319645732689211 0.49066666666666664 0.013687600644122389 0.03733333333333333
1 0.39049919484702095 0.5186666666666666 0.02254428341384862 0.07199999999999995
0 0.5462962962962963 0.5026666666666666 0.020128824476650542 0.08799999999999997
0 0.5326086956521738 0.496 0.01851851851851849 0.0693333333333333
0 0.5221417069243156 0.4826666666666667 0.015297906602254496 0.0693333333333333
1 0.38285024154589375 0.496 0.016908212560386493 0.05333333333333329
1 0.36191626409017713 0.488 0.01046698872785834 0.04266666666666663
