0 0.4943639291465378 0.5253333333333333 0.03703703703703698 0.11733333333333329
0 0.7375201288244766 0.6706666666666667 0.11916264090177131 0.392
1 0.37681159420289856 0.524 0.025764895330112725 0.07200000000000006
0 0.5853462157809983 0.5346666666666666 0.03864734299516914 0.16266666666666668
0 0.5527375201288245 0.5186666666666667 0.029790660225442855 0.10933333333333334
0 0.5289855072463767 0.48933333333333334 0.020933977455716568 0.09333333333333338
1 0.34500805152979064 0.5053333333333333 0.02173913043478265 0.07200000000000001
1 0.3639291465378422 0.49733333333333335 0.017713365539452464 0.06133333333333335
1 0.40499194847020936 0.49066666666666664 0.012882447665056362 0.03733333333333333
1 0.32367149758454106 0.49866666666666665 0.014492753623188415 0.053333333333333344
