0 0.5084541062801933 0.5866666666666667 0.06360708534621573 0.17066666666666674
1 0.19283413848631242 0.5640000000000001 0.04428341384863124 0.136
0 0.5805152979066023 0.5226666666666667 0.05152979066022545 0.192
1 0.29025764895330114 0.5213333333333333 0.028180354267310803 0.09866666666666668
0 0.40418679549114334 0.5453333333333333 0.030595813204508826 0.1306666666666667
0 0.42954911433172305 0.536 0.020128824476650597 0.09066666666666673
0 0.44202898550724634 0.5266666666666666 0.016103059581320467 0.07733333333333337
0 0.4553140096618358 0.5093333333333334 0.012077294685990336 0.053333333333333344
0 0.4842995169082126 0.5373333333333333 0.03462157809983896 0.10400000000000004
1 0.28421900161030594 0.512 0.024154589371980673 0.0693333333333333
