0 0.49597423510466987 0.528 0.033816425120772875 0.10666666666666669
1 0.15056360708534622 0.576 0.05475040257648954 0.16533333333333328
0 0.6219806763285024 0.564 0.052334943639291476 0.2053333333333333
0 0.6014492753623188 0.5493333333333333 0.041867954911433136 0.16533333333333333
0 0.568840579710145 0.5426666666666666 0.036231884057971064 0.13066666666666665
0 0.5567632850241546 0.5293333333333333 0.03140096618357491 0.1253333333333333
0 0.5539452495974235 0.52 0.027375201288244777 0.10133333333333333
0 0.5426731078904992 0.5133333333333333 0.020933977455716568 0.09866666666666662
1 0.43961352657004826 0.49733333333333335 0.01127214170692431 0.034666666666666734
0 0.5161030595813205 0.48533333333333334 0.011272141706924255 0.053333333333333344
1 0.4094202898550725 0.496 0.012077294685990336 0.04266666666666663
