0 0.5064412238325282 0.5613333333333334 0.0531400966183575 0.16799999999999998
0 0.7338969404186796 0.6573333333333333 0.10547504025764898 0.3813333333333333
0 0.6103059581320451 0.5706666666666667 0.0531400966183575 0.19199999999999995
1 0.04267310789049919 0.6066666666666667 0.06924315619967794 0.25866666666666666
1 0.356280193236715 0.5453333333333333 0.04267310789049922 0.1146666666666667
1 0.4609500805152979 0.496 0.01851851851851849 0.0693333333333333
1 0.24396135265700483 0.552 0.037037037037037035 0.128
1 0.35950080515297905 0.5253333333333333 0.0249597423510467 0.07466666666666666
0 0.5458937198067633 0.4866666666666667 0.012882447665056418 0.04533333333333328
1 0.12721417069243157 0.5586666666666666 0.035426731078905 0.1253333333333333
