0 0.499194847020934 0.5346666666666666 0.041867954911433136 0.13066666666666665
0 0.6260064412238325 0.5813333333333333 0.06682769726247995 0.22933333333333328
0 0.607487922705314 0.5533333333333333 0.04750402576489532 0.1786666666666667
0 0.5962157809983897 0.5266666666666666 0.03945249597423506 0.15733333333333327
0 0.5547504025764896 0.5013333333333333 0.032206119162640934 0.13866666666666666
0 0.5402576489533011 0.5093333333333334 0.020933977455716568 0.08533333333333337
0 0.5269726247987118 0.49466666666666664 0.013687600644122444 0.05599999999999994
1 0.2934782608695652 0.5213333333333333 0.0297906602254428 0.09866666666666668
1 0.42069243156199676 0.4746666666666667 0.021739130434782594 0.09599999999999992
1 0.3280998389694042 0.5213333333333333 0.023349436392914646 0.08266666666666667
1 0.355475040257649 0.5186666666666666 0.020128824476650597 0.055999999999999994
1 0.39170692431561993 0.5 0.01529790660225444 0.04533333333333328
1 0.2773752012882448 0.5146666666666666 0.01851851851851849 0.06933333333333336
1 0.053945249597423514 0.5253333333333333 0.032206119162640906 0.08000000000000002
