0 0.5096618357487923 0.584 0.06441223832528176 0.1706666666666667
1 0.2109500805152979 0.552 0.041867954911433164 0.128
0 0.5740740740740741 0.512 0.048309178743961345 0.18133333333333335
1 0.3027375201288245 0.5133333333333334 0.025764895330112725 0.09333333333333338
0 0.40821256038647347 0.536 0.028985507246376774 0.1226666666666667
0 0.43317230273752017 0.5293333333333333 0.01932367149758457 0.08800000000000002
0 0.4444444444444444 0.52 0.014492753623188415 0.07466666666666666
0 0.4561191626409018 0.5026666666666667 0.012077294685990336 0.05066666666666669
0 0.4847020933977456 0.54 0.03542673107890498 0.10399999999999998
1 0.29066022544283415 0.5066666666666666 0.02254428341384862 0.06399999999999995
