1 0.3111916264090177 0.6946666666666667 0.10869565217391308 0.3706666666666667
0 0.7169887278582932 0.7586666666666666 0.1247987117552335 0.45066666666666666
0 0.6026570048309179 0.6506666666666667 0.07648953301127215 0.2453333333333333
0 0.3776167471819646 0.616 0.06280193236714976 0.21333333333333337
1 0.4001610305958132 0.5880000000000001 0.0499194847020934 0.1466666666666666
0 0.5676328502415459 0.58 0.04669887278582929 0.15733333333333333
0 0.5398550724637681 0.5706666666666667 0.03945249597423517 0.1226666666666667
1 0.43438003220611915 0.5453333333333333 0.02657004830917875 0.08800000000000008
1 0.4476650563607085 0.5213333333333333 0.024154589371980673 0.09333333333333327
1 0.4601449275362319 0.5266666666666666 0.021739130434782594 0.07733333333333337
