0 0.49516908212560384 0.544 0.04669887278582929 0.12266666666666659
0 0.3252818035426731 0.5986666666666667 0.06119162640901776 0.23199999999999998
0 0.3687600644122383 0.5693333333333334 0.0483091787439614 0.184
0 0.4114331723027375 0.5333333333333333 0.02898550724637683 0.11733333333333329
0 0.44484702093397743 0.4853333333333334 0.02173913043478265 0.11733333333333335
0 0.7238325281803543 0.6133333333333333 0.0998389694041868 0.32
0 0.49074074074074076 0.5093333333333334 0.028180354267310803 0.08533333333333337
1 0.0785024154589372 0.5853333333333333 0.0748792270531401 0.23733333333333329
1 0.19404186795491143 0.5533333333333333 0.05152979066022545 0.16799999999999998
1 0.23389694041867953 0.5066666666666666 0.03140096618357488 0.09599999999999997
