0 0.4553140096618358 0.5533333333333333 0.070048309178744 0.25333333333333335
0 0.18478260869565216 0.6053333333333333 0.06843800322061191 0.19200000000000006
0 0.05998389694041868 0.5760000000000001 0.06360708534621579 0.2613333333333333
0 0.3715780998389694 0.5266666666666667 0.04428341384863127 0.12533333333333335
0 0.6928341384863124 0.5533333333333333 0.06038647342995174 0.1786666666666667
0 0.5040257648953301 0.4866666666666667 0.03220611916264088 0.09866666666666668
1 0.5475040257648953 0.45599999999999996 0.027375201288244777 0.12266666666666665
0 0.7648953301127215 0.5346666666666666 0.0595813204508856 0.1893333333333333
0 0.8687600644122384 0.5453333333333333 0.0628019323671497 0.16266666666666668
1 0.5 0.44 0.03381642512077293 0.17600000000000005
