1 0.1642512077294686 0.688 0.08373590982286634 0.2559999999999999
1 0.26972624798711753 0.62 0.05636070853462158 0.17866666666666675
1 0.32689210950080516 0.5813333333333333 0.04508856682769724 0.128
0 0.8252818035426731 0.484 0.027375201288244666 0.17333333333333334
1 0.6928341384863124 0.46799999999999997 0.016908212560386437 0.15733333333333333
1 0.6590177133655395 0.48 0.01207729468599028 0.13866666666666666
1 0.6239935587761675 0.4813333333333333 0.008051529790660261 0.11466666666666664
1 0.3711755233494364 0.5493333333333333 0.03220611916264088 0.09600000000000009
0 0.5696457326892109 0.528 0.03945249597423506 0.1226666666666667
0 0.5543478260869565 0.5186666666666666 0.03140096618357491 0.10399999999999998
