0 0.5044283413848631 0.5666666666666667 0.052334943639291476 0.16266666666666668
0 0.6086956521739131 0.568 0.04347826086956519 0.1813333333333333
0 0.5660225442834139 0.5413333333333333 0.032206119162640934 0.11733333333333329
1 0.1972624798711755 0.628 0.07246376811594205 0.2426666666666666
1 0.3715780998389694 0.5386666666666666 0.033011272141706904 0.10666666666666663
1 0.09380032206119163 0.6186666666666667 0.06038647342995168 0.18133333333333335
1 0.214170692431562 0.5613333333333334 0.041867954911433164 0.15733333333333333
1 0.44082125603864736 0.512 0.021739130434782594 0.058666666666666645
1 0.3107890499194847 0.5346666666666666 0.027375201288244777 0.09333333333333338
1 0.3816425120772947 0.52 0.01932367149758457 0.0586666666666667
0 0.5209339774557166 0.49866666666666665 0.01449275362318847 0.04799999999999993
1 0.22665056360708535 0.5333333333333333 0.02657004830917875 0.09066666666666667
