0 0.5024154589371981 0.552 0.05958132045088571 0.16000000000000003
1 0.05756843800322061 0.556 0.06521739130434782 0.2
0 0.6276167471819645 0.5173333333333333 0.07648953301127215 0.288
1 0.20611916264090177 0.5013333333333334 0.03864734299516909 0.14400000000000002
0 0.3715780998389694 0.5346666666666666 0.04428341384863127 0.18400000000000005
0 0.3909017713365539 0.5266666666666666 0.033011272141706904 0.136
0 0.41304347826086957 0.52 0.027375201288244777 0.11733333333333335
0 0.4311594202898551 0.49866666666666665 0.023349436392914702 0.09599999999999997
0 0.45209339774557167 0.47600000000000003 0.013687600644122389 0.06133333333333335
0 0.5760869565217391 0.5106666666666666 0.037842190016103006 0.10399999999999998
0 0.5591787439613527 0.484 0.03140096618357491 0.09866666666666668
0 0.4863123993558776 0.5013333333333334 0.033816425120772986 0.10133333333333339
1 0.24597423510466987 0.48533333333333334 0.028180354267310775 0.07999999999999996
