0 0.49879227053140096 0.532 0.04106280193236711 0.1306666666666667
1 0.08172302737520129 0.696 0.10225442834138487 0.2773333333333333
0 0.7673107890499196 0.6826666666666666 0.140096618357488 0.4693333333333333
0 0.6159420289855073 0.5693333333333334 0.06119162640901765 0.2106666666666666
0 0.6002415458937198 0.548 0.044283413848631215 0.16799999999999998
0 0.5909822866344605 0.524 0.03703703703703709 0.15199999999999997
0 0.5519323671497585 0.4986666666666667 0.0314009661835748 0.13333333333333336
0 0.538647342995169 0.504 0.020933977455716568 0.08533333333333332
0 0.5261674718196457 0.492 0.013687600644122444 0.055999999999999994
1 0.29871175523349436 0.5213333333333333 0.02898550724637683 0.09866666666666668
1 0.42351046698872785 0.472 0.020933977455716568 0.09066666666666662
1 0.3317230273752013 0.5173333333333333 0.022544283413848676 0.08000000000000002
1 0.35748792270531404 0.5133333333333333 0.01932367149758457 0.055999999999999994
1 0.394122383252818 0.49733333333333335 0.01529790660225444 0.04533333333333334
1 0.2818035426731079 0.512 0.01771336553945252 0.0693333333333333
1 0.06481481481481481 0.5226666666666666 0.03140096618357487 0.07999999999999996
