0 0.49798711755233493 0.5266666666666666 0.04106280193236711 0.1093333333333334
1 0.20571658615136876 0.6653333333333333 0.10547504025764892 0.3653333333333333
1 0.32286634460547503 0.5693333333333334 0.04669887278582929 0.16799999999999998
0 0.4090177133655395 0.5840000000000001 0.0579710144927536 0.16000000000000003
0 0.4315619967793881 0.5466666666666666 0.045088566827697296 0.1333333333333333
1 0.3969404186795491 0.5266666666666666 0.025764895330112725 0.11466666666666664
0 0.7415458937198067 0.7333333333333334 0.13365539452495978 0.3946666666666666
0 0.6288244766505636 0.44666666666666666 0.0998389694041868 0.43999999999999995
0 0.5454911433172303 0.516 0.03140096618357491 0.09333333333333332
0 0.5221417069243156 0.45466666666666666 0.0314009661835748 0.1413333333333333
0 0.4855072463768116 0.508 0.027375201288244777 0.08266666666666667
1 0.10628019323671498 0.5466666666666666 0.03864734299516909 0.12266666666666665
