1 0.32367149758454106 0.6719999999999999 0.106280193236715 0.368
0 0.75 0.6826666666666668 0.1312399355877616 0.4
0 0.96658615136876 0.4933333333333333 0.05394524959742353 0.25599999999999995
0 0.8494363929146538 0.5133333333333334 0.05797101449275366 0.22666666666666668
1 0.41264090177133655 0.5720000000000001 0.052334943639291476 0.16800000000000004
1 0.43961352657004826 0.54 0.04025764895330114 0.1306666666666666
1 0.7037037037037037 0.4986666666666667 0.027375201288244777 0.10666666666666669
0 0.6034621578099839 0.5226666666666666 0.0346215780998389 0.10666666666666663
1 0.47987117552334946 0.5146666666666667 0.025764895330112725 0.09066666666666673
0 0.5607890499194848 0.45466666666666666 0.029790660225442855 0.12000000000000005
