0 0.4963768115942029 0.5213333333333333 0.0346215780998389 0.10933333333333328
0 0.7729468599033816 0.724 0.1626409017713366 0.4826666666666667
0 0.6630434782608696 0.6146666666666667 0.09098228663446062 0.3333333333333333
0 0.6211755233494364 0.5733333333333334 0.06360708534621584 0.22400000000000003
0 0.5901771336553945 0.5426666666666666 0.04186795491143325 0.1893333333333333
0 0.567230273752013 0.5213333333333333 0.028180354267310803 0.11466666666666664
1 0.4367954911433173 0.492 0.012077294685990336 0.03466666666666662
1 0.40136876006441224 0.5146666666666666 0.020128824476650542 0.06399999999999995
0 0.5430756843800322 0.5013333333333334 0.01851851851851849 0.08533333333333337
0 0.5301932367149758 0.496 0.016908212560386437 0.064
0 0.5217391304347826 0.4813333333333334 0.01449275362318847 0.06666666666666671
1 0.38687600644122383 0.49333333333333335 0.015297906602254385 0.053333333333333344
1 0.3663446054750402 0.492 0.01127214170692431 0.040000000000000036
