0 0.4963768115942029 0.5186666666666667 0.0346215780998389 0.10933333333333334
0 0.6847826086956521 0.636 0.10547504025764887 0.37599999999999995
0 0.6320450885668276 0.584 0.07085346215780997 0.24533333333333335
0 0.5966183574879227 0.5493333333333333 0.04508856682769724 0.2026666666666666
0 0.5901771336553945 0.5413333333333333 0.03703703703703709 0.14933333333333332
0 0.5704508856682771 0.524 0.029790660225442855 0.11999999999999994
1 0.4347826086956522 0.49066666666666664 0.012882447665056362 0.03733333333333333
1 0.3965378421900161 0.516 0.021739130434782594 0.06666666666666665
0 0.5450885668276972 0.5013333333333334 0.019323671497584516 0.08533333333333337
0 0.5309983896940418 0.496 0.016908212560386437 0.0693333333333333
0 0.5221417069243156 0.4813333333333334 0.015297906602254496 0.06666666666666671
1 0.3848631239935588 0.49466666666666664 0.016103059581320467 0.05599999999999994
1 0.36433172302737515 0.4906666666666667 0.010466988727858284 0.042666666666666686
