0 0.4931561996779388 0.5413333333333333 0.04589371980676327 0.1226666666666667
0 0.30193236714975846 0.6133333333333333 0.07085346215780997 0.2666666666666667
0 0.3538647342995169 0.5773333333333334 0.055555555555555525 0.20533333333333337
0 0.4053945249597424 0.5373333333333333 0.03140096618357485 0.1253333333333333
0 0.42351046698872785 0.5093333333333334 0.020933977455716568 0.08533333333333337
0 0.44283413848631237 0.484 0.022544283413848676 0.1253333333333333
0 0.7640901771336555 0.6346666666666667 0.11755233494363926 0.3786666666666666
0 0.4895330112721417 0.5093333333333334 0.027375201288244777 0.08533333333333337
1 0.16183574879227053 0.5760000000000001 0.0579710144927536 0.18666666666666665
1 0.22141706924315618 0.4973333333333333 0.032206119162640906 0.09866666666666662
1 0.3425925925925926 0.4666666666666667 0.0249597423510467 0.10133333333333333
