0 0.7012882447665056 0.648 0.12721417069243157 0.43733333333333335
0 0.2181964573268921 0.6746666666666667 0.0531400966183575 0.3413333333333334
0 0.2608695652173913 0.6106666666666667 0.032206119162640906 0.2613333333333333
0 0.3031400966183575 0.5866666666666667 0.021739130434782594 0.24
0 0.6163446054750403 0.5853333333333333 0.07004830917874394 0.20533333333333326
1 0.23067632850241546 0.5373333333333333 0.021739130434782594 0.19999999999999996
0 0.3784219001610306 0.532 0.009661835748792258 0.1466666666666666
0 0.41787439613526567 0.49466666666666664 0.003220611916264049 0.10399999999999998
0 0.5414653784219001 0.5146666666666667 0.029790660225442855 0.09066666666666673
0 0.5780998389694042 0.5506666666666666 0.05152979066022545 0.15733333333333333
