0 0.393317230273752 0.5373333333333333 0.05877616747181963 0.21066666666666672
0 0.15821256038647344 0.5853333333333333 0.061996779388083734 0.16800000000000004
0 0.03663446054750402 0.5706666666666667 0.061996779388083734 0.23466666666666663
0 0.31481481481481477 0.52 0.04025764895330114 0.11199999999999993
0 0.5889694041867954 0.528 0.04750402576489532 0.14399999999999996
0 0.43478260869565216 0.4853333333333333 0.02898550724637683 0.09066666666666662
1 0.47342995169082125 0.45466666666666666 0.025764895330112725 0.1146666666666667
0 0.643719806763285 0.5186666666666666 0.04589371980676327 0.15200000000000002
0 0.715780998389694 0.5226666666666666 0.04669887278582929 0.128
1 0.4315619967793881 0.4413333333333333 0.030595813204508826 0.16266666666666663
