0 0.5995165189363416 0.5784574468085106 0.05640612409347301 0.1675531914893617
0 0.524576954069299 0.5066489361702128 0.02256244963738918 0.06648936170212766
0 0.27961321514907334 0.6356382978723404 0.09186140209508464 0.2765957446808511
0 0.15390813859790492 0.5930851063829787 0.064464141821112 0.19148936170212766
0 0.3771152296535052 0.5398936170212766 0.040290088638195 0.12765957446808507
0 0.2800161160354553 0.5452127659574468 0.03787268331990329 0.11702127659574463
0 0.3331990330378727 0.5106382978723404 0.026591458501208698 0.10638297872340424
0 0.4153908138597905 0.5186170212765957 0.026591458501208698 0.07446808510638298
0 0.36663980660757456 0.4986702127659574 0.025785656728444795 0.08776595744680848
0 0.4315068493150685 0.5079787234042553 0.02014504431909747 0.05851063829787234
0 0.4846897663174859 0.5093085106382979 0.023368251410153085 0.0718085106382979
