1 0.9134460547504026 0.5413333333333333 0.09420289855072472 0.29866666666666664
1 0.8240740740740741 0.532 0.06038647342995174 0.22666666666666663
1 0.7673107890499195 0.512 0.048309178743961345 0.19733333333333336
1 0.7274557165861514 0.516 0.04106280193236711 0.15199999999999997
1 0.7008856682769726 0.4893333333333333 0.03301127214170685 0.13066666666666665
0 0.7077294685990339 0.6533333333333333 0.12560386473429952 0.38400000000000006
0 0.6256038647342995 0.5773333333333334 0.06924315619967802 0.18933333333333335
1 0.33212560386473433 0.5973333333333334 0.06843800322061194 0.24000000000000005
1 0.38727858293075684 0.5306666666666666 0.056360708534621606 0.21333333333333332
0 0.6952495974235104 0.4826666666666667 0.01046698872785834 0.11733333333333335
1 0.42351046698872785 0.5453333333333333 0.04025764895330114 0.13599999999999995
1 0.4359903381642512 0.5226666666666666 0.03301127214170696 0.10666666666666663
0 0.5241545893719807 0.44533333333333336 0.04508856682769724 0.18133333333333335
