0 0.5076489533011272 0.568 0.05233494363929153 0.16533333333333328
0 0.7037037037037037 0.6186666666666667 0.10144927536231885 0.3306666666666667
0 0.5905797101449275 0.5493333333333333 0.03462157809983901 0.14399999999999996
0 0.5567632850241546 0.5333333333333333 0.02657004830917875 0.10133333333333328
1 0.33776167471819646 0.5533333333333333 0.03945249597423506 0.1306666666666667
1 0.41545893719806765 0.52 0.024154589371980673 0.08000000000000007
1 0.18115942028985507 0.5893333333333333 0.048309178743961345 0.14400000000000002
1 0.2568438003220612 0.5493333333333333 0.03542673107890498 0.1333333333333333
1 0.46296296296296297 0.504 0.017713365539452464 0.04800000000000004
1 0.33132045088566825 0.5266666666666666 0.0249597423510467 0.08266666666666661
1 0.393719806763285 0.5186666666666666 0.01771336553945252 0.055999999999999994
1 0.02214170692431562 0.5800000000000001 0.04106280193236715 0.15200000000000002
1 0.04589371980676328 0.5466666666666666 0.025764895330112718 0.10133333333333339
0 0.5358293075684379 0.492 0.015297906602254385 0.040000000000000036
