0 0.4955716586151369 0.5266666666666666 0.03301127214170696 0.10399999999999998
1 0.04428341384863124 0.6226666666666667 0.06280193236714976 0.19466666666666665
1 0.1706924315619968 0.5706666666666667 0.05152979066022545 0.15999999999999998
0 0.6127214170692432 0.5573333333333333 0.048309178743961456 0.192
0 0.5946054750402576 0.5466666666666666 0.03945249597423506 0.15466666666666667
0 0.5644122383252819 0.54 0.033816425120772986 0.12533333333333335
0 0.5539452495974235 0.5293333333333333 0.02898550724637683 0.12000000000000005
0 0.5406602254428341 0.512 0.020128824476650542 0.09600000000000003
1 0.4412238325281803 0.49733333333333335 0.01127214170692431 0.034666666666666734
0 0.5152979066022545 0.4866666666666667 0.011272141706924255 0.05066666666666669
1 0.41062801932367154 0.4946666666666667 0.012882447665056362 0.040000000000000036
