0 0.49476650563607083 0.5626666666666666 0.04267310789049916 0.11199999999999999
0 0.23188405797101447 0.7266666666666666 0.1256038647342995 0.40800000000000003
0 0.3059581320450886 0.644 0.08373590982286633 0.2906666666666667
0 0.3723832528180354 0.5746666666666667 0.04267310789049922 0.15733333333333333
0 0.4146537842190016 0.512 0.041867954911433136 0.21866666666666662
0 0.5314009661835748 0.504 0.02254428341384862 0.08533333333333332
0 0.4927536231884058 0.532 0.027375201288244777 0.08266666666666672
0 0.4392109500805153 0.5253333333333333 0.01851851851851849 0.11733333333333329
1 0.11513687600644124 0.5586666666666666 0.03703703703703705 0.10933333333333328
1 0.19524959742351047 0.58 0.06038647342995168 0.17333333333333328
1 0.2934782608695652 0.48933333333333334 0.033011272141706904 0.136
