1 0.4061996779388084 0.4706666666666667 0.0249597423510467 0.10933333333333334
0 0.43800322061191627 0.476 0.019323671497584516 0.08266666666666667
0 0.48268921095008055 0.47333333333333333 0.020128824476650597 0.07199999999999995
1 0.5998389694041868 0.45866666666666667 0.017713365539452575 0.09066666666666667
0 0.6179549114331724 0.45999999999999996 0.013687600644122333 0.061333333333333295
0 0.6529790660225443 0.46 0.012882447665056418 0.06666666666666665
0 0.682769726247987 0.46399999999999997 0.009661835748792202 0.05333333333333329
0 0.7000805152979066 0.4653333333333333 0.01046698872785834 0.05066666666666664
0 0.7214170692431562 0.4653333333333333 0.011272141706924366 0.05066666666666664
1 0.7463768115942029 0.4613333333333333 0.011272141706924366 0.053333333333333344
1 0.786634460547504 0.44399999999999995 0.011272141706924255 0.07200000000000001
1 0.8051529790660226 0.45333333333333337 0.008051529790660261 0.04799999999999999
1 0.8196457326892109 0.45466666666666666 0.008051529790660261 0.04533333333333334
