0 0.4935587761674718 0.5453333333333333 0.04508856682769724 0.11999999999999994
0 0.2717391304347826 0.6333333333333333 0.08615136876006443 0.312
0 0.33574879227053145 0.592 0.06441223832528181 0.22933333333333333
0 0.3977455716586151 0.5426666666666666 0.03381642512077293 0.136
0 0.4210950080515298 0.5173333333333333 0.02254428341384862 0.09066666666666667
0 0.4416264090177134 0.484 0.023349436392914646 0.13066666666666665
0 0.822061191626409 0.6733333333333333 0.14331723027375198 0.4613333333333334
0 0.4895330112721417 0.5133333333333333 0.027375201288244777 0.08266666666666667
1 0.12117552334943639 0.584 0.06521739130434781 0.20799999999999996
1 0.2073268921095008 0.508 0.03462157809983896 0.10400000000000004
1 0.3389694041867955 0.4706666666666667 0.025764895330112725 0.10399999999999993
