0 0.5261885576148267 0.511968085106383 0.01933924254633368 0.05585106382978722
0 0.22723609991941984 0.6569148936170213 0.1015310233682514 0.324468085106383
0 0.17365028203062047 0.5571808510638299 0.05721192586623691 0.22606382978723405
0 0.3730862207896858 0.5571808510638298 0.04512489927477842 0.12499999999999994
0 0.273972602739726 0.5292553191489362 0.04834810636583403 0.1595744680851064
0 0.40813859790491536 0.5372340425531915 0.03303787268331987 0.09574468085106386
0 0.49556809024979853 0.5252659574468086 0.03062046736502827 0.09840425531914898
0 0.34367445608380337 0.5292553191489362 0.03142626913779212 0.08510638297872336
0 0.43634165995165186 0.5146276595744681 0.01853344077356972 0.05585106382978716
0 0.3670427074939565 0.5053191489361701 0.026591458501208698 0.09042553191489355
