0 0.5221417069243156 0.6186666666666667 0.08293075684380025 0.2613333333333333
0 0.604669887278583 0.5466666666666666 0.04347826086956519 0.16000000000000003
0 0.567230273752013 0.528 0.023349436392914646 0.10133333333333333
0 0.5487117552334944 0.5173333333333333 0.020128824476650653 0.07466666666666666
1 0.18397745571658614 0.6386666666666667 0.06843800322061191 0.21066666666666667
1 0.41545893719806765 0.52 0.02254428341384862 0.0693333333333333
1 0.4617552334943639 0.504 0.015297906602254385 0.05333333333333329
1 0.48872785829307563 0.49333333333333335 0.012882447665056362 0.04266666666666674
1 0.2914653784219001 0.5506666666666666 0.03220611916264088 0.09866666666666668
1 0.33011272141706927 0.5293333333333333 0.025764895330112725 0.09866666666666668
1 0.37359098228663445 0.5186666666666667 0.019323671497584516 0.06666666666666671
1 0.4182769726247987 0.512 0.01529790660225444 0.04800000000000004
1 0.19041867954911434 0.5453333333333333 0.028180354267310775 0.09866666666666668
1 0.17310789049919484 0.528 0.020933977455716596 0.07466666666666671
