0 0.501610305958132 0.5386666666666666 0.05152979066022545 0.16000000000000003
0 0.7101449275362319 0.592 0.09661835748792269 0.336
0 0.5982286634460547 0.5146666666666666 0.054750402576489554 0.22933333333333328
0 0.5644122383252819 0.5146666666666666 0.032206119162640934 0.12266666666666665
0 0.538647342995169 0.48666666666666664 0.017713365539452464 0.07199999999999995
0 0.5334138486312399 0.4813333333333333 0.01207729468599028 0.055999999999999994
1 0.20088566827697263 0.54 0.04428341384863124 0.1466666666666666
1 0.3631239935587761 0.476 0.03864734299516909 0.17333333333333334
1 0.26731078904991945 0.528 0.03220611916264088 0.11199999999999999
1 0.31561996779388085 0.52 0.025764895330112725 0.07466666666666666
1 0.37399355877616747 0.492 0.01851851851851849 0.055999999999999994
1 0.20772946859903382 0.5213333333333333 0.024154589371980673 0.09333333333333327
