0 0.4939613526570048 0.5653333333333332 0.04267310789049916 0.11199999999999999
0 0.26570048309178745 0.688 0.10466988727858295 0.3573333333333334
0 0.35990338164251207 0.5906666666666667 0.048309178743961345 0.17866666666666675
0 0.4061996779388084 0.5133333333333334 0.04589371980676332 0.2426666666666667
0 0.5318035426731078 0.5013333333333334 0.023349436392914646 0.08533333333333337
0 0.4919484702093398 0.532 0.027375201288244777 0.08266666666666672
0 0.4363929146537842 0.532 0.020933977455716568 0.12533333333333335
1 0.08413848631239935 0.5720000000000001 0.03945249597423511 0.12
1 0.16183574879227053 0.6 0.06763285024154589 0.19199999999999995
1 0.25724637681159424 0.5586666666666666 0.04267310789049922 0.13600000000000007
1 0.28542673107890504 0.4906666666666667 0.03462157809983896 0.13866666666666672
