0 0.500402576489533 0.5626666666666666 0.05394524959742353 0.14400000000000007
0 0.27294685990338163 0.644 0.09822866344605474 0.35999999999999993
0 0.3337359098228664 0.608 0.061996779388083734 0.23466666666666675
0 0.37681159420289856 0.5773333333333334 0.04669887278582929 0.184
0 0.4142512077294686 0.5373333333333333 0.03301127214170696 0.1306666666666667
0 0.4472624798711755 0.5053333333333334 0.01851851851851849 0.07733333333333337
0 0.6239935587761675 0.5733333333333333 0.056360708534621606 0.15466666666666662
0 0.5881642512077294 0.5293333333333333 0.04106280193236722 0.13066666666666665
0 0.49396135265700486 0.5186666666666666 0.03140096618357491 0.09333333333333338
1 0.17632850241545894 0.5106666666666666 0.037037037037037035 0.10399999999999998
