1 0.9259259259259259 0.5506666666666666 0.09661835748792269 0.32266666666666666
1 0.8361513687600644 0.5373333333333333 0.07326892109500804 0.23199999999999998
1 0.7697262479871175 0.528 0.0531400966183575 0.18666666666666665
0 0.7286634460547503 0.6853333333333333 0.12721417069243157 0.34133333333333327
1 0.17914653784219003 0.7333333333333334 0.13285024154589373 0.48000000000000004
1 0.3248792270531401 0.5666666666666667 0.08615136876006446 0.328
1 0.7302737520128825 0.5106666666666666 0.040257648953301084 0.15200000000000002
0 0.7459742351046699 0.4853333333333334 0.01690821256038655 0.14933333333333337
0 0.7544283413848631 0.48 0.017713365539452464 0.14400000000000007
1 0.39251207729468596 0.556 0.055555555555555525 0.184
1 0.4162640901771336 0.5306666666666667 0.04186795491143319 0.13333333333333336
0 0.5249597423510467 0.444 0.05152979066022545 0.21066666666666667
