0 0.6112006446414182 0.5851063829787234 0.06204673650282033 0.18085106382978716
0 0.15672844480257858 0.7247340425531915 0.1506849315068493 0.4920212765957446
0 0.5298146655922642 0.5066489361702128 0.02497985495568089 0.0718085106382978
0 0.32836422240128926 0.5917553191489362 0.07010475423045931 0.21010638297872336
0 0.21394037066881547 0.5691489361702128 0.05237711522965349 0.1595744680851064
0 0.2989524576954069 0.5412234042553191 0.03384367445608377 0.10372340425531917
0 0.34568896051571313 0.5066489361702128 0.025785656728444795 0.09840425531914893
0 0.4210314262691378 0.5159574468085106 0.02497985495568089 0.06914893617021273
0 0.37469782433521354 0.49468085106382975 0.024174053182916988 0.07978723404255317
0 0.4343271555197421 0.5039893617021276 0.019339242546333624 0.05585106382978722
0 0.48509266720386784 0.5053191489361702 0.02256244963738918 0.06914893617021273
0 0.5028203062046737 0.49069148936170215 0.011281224818694646 0.03457446808510639
