0 0.48913043478260876 0.532 0.04428341384863127 0.12
1 0.16505636070853463 0.688 0.11272141706924317 0.3306666666666668
1 0.32407407407407407 0.5760000000000001 0.04750402576489532 0.17600000000000005
1 0.35144927536231885 0.5506666666666666 0.03784219001610306 0.16266666666666668
1 0.3820450885668277 0.5333333333333333 0.02657004830917875 0.10133333333333328
0 0.43599033816425126 0.5306666666666666 0.03462157809983896 0.09599999999999997
1 0.4186795491143317 0.5053333333333333 0.01771336553945252 0.08266666666666661
0 0.5825281803542673 0.56 0.052334943639291476 0.15466666666666662
0 0.5680354267310789 0.44533333333333336 0.058776167471819685 0.256
0 0.49114331723027377 0.508 0.02898550724637683 0.08800000000000002
1 0.21859903381642512 0.5146666666666666 0.02657004830917875 0.08533333333333337
