1 0.8329307568438004 0.556 0.052334943639291476 0.30133333333333334
1 0.22866344605475042 0.644 0.07085346215781 0.21599999999999997
0 0.7592592592592593 0.6933333333333334 0.12882447665056362 0.3946666666666667
0 0.6404991948470209 0.5933333333333333 0.07165861513687599 0.23733333333333329
1 0.3180354267310789 0.5893333333333334 0.04669887278582935 0.14933333333333332
1 0.5829307568438002 0.544 0.040257648953301195 0.12266666666666659
1 0.37318840579710144 0.5506666666666666 0.03140096618357491 0.10400000000000004
0 0.5628019323671498 0.5373333333333333 0.033816425120772986 0.09866666666666668
1 0.41505636070853463 0.52 0.021739130434782594 0.0693333333333333
0 0.5422705314009661 0.5173333333333333 0.0249597423510467 0.08000000000000002
0 0.47946859903381644 0.48933333333333334 0.012077294685990336 0.04533333333333334
