0 0.5277777777777778 0.6413333333333333 0.10386473429951693 0.328
0 0.6022544283413849 0.5386666666666666 0.041867954911433136 0.15466666666666667
0 0.567632850241546 0.5213333333333333 0.02254428341384862 0.09866666666666668
0 0.5487117552334944 0.512 0.0185185185185186 0.07466666666666666
1 0.3107890499194847 0.5706666666666667 0.041867954911433136 0.128
1 0.05394524959742351 0.6413333333333333 0.06602254428341385 0.18933333333333335
1 0.4351851851851852 0.5066666666666667 0.01851851851851849 0.0586666666666667
1 0.47383252818035426 0.4933333333333333 0.013687600644122389 0.04799999999999999
1 0.2975040257648953 0.5453333333333333 0.03140096618357491 0.09333333333333332
1 0.33373590982286633 0.5226666666666666 0.0249597423510467 0.09599999999999997
1 0.37681159420289856 0.5106666666666667 0.019323671497584516 0.06666666666666671
1 0.42069243156199676 0.5053333333333334 0.01529790660225444 0.04533333333333334
1 0.19887278582930756 0.5373333333333333 0.027375201288244777 0.09866666666666668
1 0.18397745571658614 0.5213333333333333 0.02012882447665057 0.07200000000000001
