0 0.4939613526570048 0.544 0.04267310789049916 0.11199999999999999
0 0.25483091787439616 0.66 0.10064412238325285 0.3226666666666667
0 0.35104669887278583 0.5346666666666666 0.08212560386473433 0.4026666666666667
0 0.393719806763285 0.5693333333333334 0.03381642512077293 0.14666666666666672
0 0.44887278582930756 0.49866666666666665 0.015297906602254385 0.07999999999999996
0 0.53743961352657 0.4906666666666667 0.02657004830917875 0.10133333333333333
0 0.4895330112721417 0.516 0.027375201288244777 0.08266666666666667
0 0.41787439613526567 0.5333333333333333 0.028985507246376774 0.16533333333333333
1 0.1332528180354267 0.5760000000000001 0.06521739130434781 0.20800000000000007
1 0.23993558776167473 0.46266666666666667 0.041867954911433164 0.16799999999999998
