0 0.4963768115942029 0.54 0.04750402576489532 0.12533333333333335
0 0.24235104669887278 0.752 0.13365539452495973 0.48
0 0.3438003220611916 0.5853333333333333 0.053140096618357446 0.20533333333333326
0 0.3812399355877617 0.56 0.04428341384863127 0.1653333333333334
0 0.4170692431561997 0.528 0.027375201288244777 0.11199999999999999
0 0.44847020933977455 0.4866666666666667 0.020933977455716568 0.1146666666666667
0 0.8421900161030595 0.756 0.140096618357488 0.3973333333333333
0 0.6932367149758454 0.6 0.08695652173913049 0.2773333333333334
0 0.49315619967793883 0.512 0.028180354267310803 0.08533333333333332
1 0.12681159420289856 0.5760000000000001 0.06521739130434781 0.20800000000000007
1 0.21618357487922707 0.5653333333333334 0.04750402576489535 0.15466666666666673
