0 0.5036231884057971 0.5653333333333334 0.052334943639291476 0.16533333333333333
0 0.6191626409017713 0.576 0.048309178743961345 0.1973333333333333
0 0.570048309178744 0.5466666666666666 0.033816425120772986 0.128
1 0.07809983896940419 0.6906666666666667 0.10144927536231883 0.34133333333333327
1 0.3502415458937198 0.548 0.037037037037037035 0.12
1 0.04911433172302738 0.6293333333333333 0.06602254428341385 0.19733333333333336
1 0.19645732689210949 0.5666666666666667 0.04508856682769727 0.16799999999999993
1 0.4319645732689211 0.5146666666666666 0.023349436392914702 0.06399999999999995
1 0.30193236714975846 0.5386666666666666 0.02898550724637683 0.09600000000000003
1 0.37922705314009664 0.5213333333333333 0.020933977455716624 0.061333333333333406
0 0.5233494363929146 0.4973333333333333 0.01449275362318847 0.05066666666666664
1 0.213768115942029 0.536 0.028180354267310803 0.09599999999999997
