0 0.4758454106280193 0.5466666666666666 0.04669887278582929 0.12266666666666665
0 0.28019323671497587 0.7213333333333334 0.13043478260869562 0.392
0 0.34863123993558776 0.6306666666666667 0.07568438003220612 0.22133333333333327
1 0.29508856682769724 0.6026666666666667 0.05394524959742347 0.19199999999999995
0 0.43397745571658614 0.516 0.025764895330112725 0.07200000000000006
0 0.677133655394525 0.6573333333333333 0.0998389694041868 0.3546666666666667
0 0.5354267310789049 0.536 0.033816425120772986 0.10133333333333333
0 0.5301932367149759 0.4533333333333333 0.04267310789049916 0.18666666666666665
1 0.1392914653784219 0.5386666666666666 0.03703703703703705 0.10133333333333339
0 0.47624798711755234 0.516 0.029790660225442855 0.08800000000000008
