1 0.8719806763285024 0.5453333333333333 0.08695652173913038 0.25866666666666666
1 0.7902576489533011 0.528 0.060386473429951626 0.2026666666666666
0 0.7781803542673108 0.7413333333333334 0.15861513687600648 0.42666666666666664
1 0.29549114331723025 0.5640000000000001 0.09983896940418677 0.376
1 0.7403381642512077 0.504 0.044283413848631326 0.16533333333333333
0 0.7520128824476651 0.48533333333333334 0.019323671497584627 0.16000000000000003
0 0.7596618357487923 0.48 0.020128824476650542 0.15466666666666667
1 0.37278582930756843 0.5586666666666666 0.06119162640901771 0.2053333333333333
1 0.4033816425120773 0.52 0.04508856682769724 0.14399999999999996
0 0.5161030595813204 0.43733333333333335 0.053140096618357446 0.21866666666666662
