0 0.5068438003220612 0.5746666666666667 0.06521739130434778 0.20533333333333337
0 0.7250402576489533 0.608 0.1376811594202898 0.5066666666666666
0 0.6042673107890499 0.5546666666666666 0.052334943639291476 0.1973333333333333
0 0.5531400966183575 0.5026666666666667 0.02254428341384862 0.09333333333333332
0 0.537842190016103 0.496 0.01449275362318836 0.0693333333333333
0 0.5301932367149759 0.4906666666666667 0.013687600644122444 0.05333333333333329
1 0.17391304347826086 0.5680000000000001 0.04669887278582929 0.16000000000000003
1 0.26247987117552335 0.5493333333333333 0.03381642512077296 0.09600000000000009
1 0.3538647342995169 0.5133333333333333 0.021739130434782594 0.06666666666666665
1 0.37318840579710144 0.5013333333333334 0.01851851851851849 0.06933333333333336
1 0.39895330112721417 0.4946666666666667 0.015297906602254385 0.05066666666666669
1 0.42995169082125606 0.4893333333333333 0.012882447665056362 0.03999999999999998
1 0.10748792270531402 0.5466666666666666 0.03301127214170692 0.128
