0 0.46817082997582593 0.5186170212765957 0.03384367445608377 0.10106382978723405
0 0.2997582594681708 0.6170212765957447 0.07252215954875102 0.21808510638297873
0 0.1385979049153908 0.6050531914893618 0.07091055600322321 0.20478723404255328
0 0.05439161966156326 0.5784574468085106 0.052377115229653506 0.15691489361702127
0 0.23771152296535053 0.5571808510638298 0.04512489927477839 0.13563829787234044
0 0.3130539887187752 0.4973404255319149 0.0410958904109589 0.18085106382978722
0 0.20265914585012088 0.5452127659574468 0.0410958904109589 0.1063829787234043
0 0.3444802578565673 0.5212765957446809 0.026591458501208698 0.07978723404255322
0 0.43029814665592264 0.45744680851063824 0.02256244963738918 0.12234042553191488
0 0.2679290894439968 0.5199468085106383 0.02497985495568089 0.08244680851063829
