0 0.4959709911361805 0.5598404255319149 0.06526994359387589 0.19414893617021278
0 0.04311039484286865 0.6382978723404256 0.0862207896857373 0.25
0 0.217566478646253 0.6569148936170213 0.10958904109589038 0.33510638297872347
0 0.36180499597099114 0.5518617021276596 0.043513295729250556 0.12500000000000006
0 0.29250604351329573 0.538563829787234 0.03867848509266725 0.11436170212765956
0 0.4008863819500403 0.5226063829787234 0.033037872683319924 0.09308510638297873
0 0.08541498791297342 0.5731382978723405 0.05479452054794521 0.16223404255319152
0 0.19379532634971797 0.5398936170212766 0.03626107977437548 0.11170212765957444
0 0.3311845286059629 0.49601063829787234 0.024174053182916988 0.08244680851063835
0 0.5290088638195004 0.49867021276595747 0.010475423045930743 0.03989361702127653
