0 0.4967793880837359 0.5253333333333333 0.040257648953301084 0.12266666666666665
1 0.2745571658615137 0.5786666666666667 0.05152979066022545 0.1439999999999999
0 0.6630434782608696 0.5946666666666667 0.0780998389694042 0.28800000000000003
0 0.5865539452495974 0.5426666666666666 0.044283413848631326 0.16266666666666668
0 0.5780998389694042 0.5306666666666666 0.03542673107890493 0.13866666666666666
0 0.5752818035426731 0.5093333333333334 0.0314009661835748 0.128
0 0.5426731078904992 0.488 0.027375201288244777 0.11733333333333329
0 0.5326086956521738 0.496 0.01851851851851849 0.07466666666666666
1 0.3176328502415459 0.5093333333333334 0.02657004830917875 0.08533333333333337
1 0.43317230273752017 0.46399999999999997 0.01771336553945252 0.08000000000000002
1 0.3446054750402576 0.5053333333333333 0.020933977455716624 0.07200000000000001
1 0.39855072463768115 0.4893333333333333 0.014492753623188415 0.03999999999999998
1 0.2971014492753623 0.5013333333333333 0.016103059581320467 0.064
1 0.1034621578099839 0.5133333333333333 0.02657004830917875 0.07200000000000001
