0 0.4967793880837359 0.524 0.033816425120772875 0.10933333333333334
0 0.817632850241546 0.704 0.16344605475040253 0.5333333333333333
0 0.7037037037037037 0.62 0.09339774557165859 0.32266666666666666
0 0.6268115942028986 0.5826666666666667 0.06682769726247995 0.22133333333333338
0 0.5929951690821256 0.552 0.050724637681159424 0.192
0 0.5793075684380032 0.5386666666666666 0.04106280193236711 0.14933333333333326
0 0.5619967793880838 0.524 0.02898550724637683 0.13599999999999995
0 0.5535426731078905 0.512 0.021739130434782594 0.09066666666666667
1 0.42391304347826086 0.504 0.015297906602254385 0.04800000000000004
0 0.5257648953301127 0.492 0.01449275362318847 0.055999999999999994
0 0.5193236714975845 0.4826666666666667 0.012882447665056418 0.0586666666666667
1 0.39814814814814814 0.4933333333333333 0.013687600644122389 0.04799999999999999
