0 0.4907407407407407 0.5546666666666666 0.047504025764895264 0.12800000000000006
1 0.25966183574879226 0.608 0.07004830917874394 0.24533333333333335
0 0.34219001610305955 0.6599999999999999 0.107890499194847 0.2586666666666667
0 0.393719806763285 0.5893333333333334 0.06280193236714976 0.192
1 0.3659420289855072 0.5466666666666666 0.03140096618357485 0.12266666666666665
0 0.4492753623188406 0.512 0.020933977455716568 0.058666666666666645
0 0.6570048309178744 0.6626666666666667 0.10144927536231885 0.2586666666666667
0 0.5966183574879227 0.5733333333333333 0.0531400966183575 0.18666666666666665
0 0.5309983896940418 0.5306666666666666 0.02657004830917875 0.08000000000000002
0 0.5277777777777778 0.4666666666666667 0.0346215780998389 0.15466666666666673
0 0.48429951690821255 0.5226666666666666 0.029790660225442855 0.09066666666666662
1 0.12359098228663445 0.5373333333333333 0.03623188405797101 0.10933333333333328
