0 0.500805152979066 0.5373333333333333 0.05958132045088571 0.15733333333333333
0 0.643719806763285 0.516 0.08615136876006446 0.32266666666666666
1 0.18518518518518517 0.48 0.041867954911433164 0.15466666666666667
0 0.36191626409017713 0.516 0.04911433172302737 0.2
0 0.3840579710144928 0.508 0.03542673107890498 0.14666666666666672
0 0.40901771336553944 0.5093333333333333 0.02898550724637683 0.12266666666666665
0 0.427938808373591 0.4826666666666667 0.0249597423510467 0.10133333333333333
0 0.45169082125603865 0.45866666666666667 0.014492753623188415 0.06399999999999995
0 0.5809178743961353 0.5 0.03945249597423506 0.10933333333333328
0 0.5636070853462158 0.4746666666666667 0.032206119162640934 0.10133333333333333
0 0.48752012882447665 0.484 0.03301127214170696 0.09866666666666668
1 0.23550724637681159 0.46799999999999997 0.029790660225442828 0.08266666666666661
