0 0.5044283413848631 0.5693333333333332 0.052334943639291476 0.16266666666666663
0 0.7801932367149759 0.6826666666666666 0.15136876006441224 0.4586666666666667
0 0.5998389694041868 0.5613333333333334 0.040257648953301084 0.16799999999999998
0 0.5619967793880838 0.5373333333333333 0.02898550724637683 0.10933333333333328
1 0.2640901771336554 0.596 0.056360708534621606 0.18933333333333335
1 0.38808373590982287 0.532 0.02898550724637683 0.09333333333333332
1 0.1316425120772947 0.6106666666666667 0.05555555555555554 0.16533333333333333
1 0.22987117552334943 0.5573333333333333 0.03945249597423511 0.14933333333333332
1 0.44887278582930756 0.5093333333333334 0.020128824476650542 0.053333333333333344
1 0.3192431561996779 0.532 0.026570048309178695 0.08799999999999997
1 0.3840579710144928 0.5186666666666666 0.01932367149758457 0.06133333333333335
0 0.5177133655394526 0.5 0.01449275362318836 0.05066666666666664
0 0.5426731078904992 0.4893333333333333 0.01449275362318836 0.03999999999999998
1 0.23832528180354268 0.532 0.025764895330112725 0.08799999999999997
