0 0.5136876006441223 0.564 0.06441223832528181 0.17333333333333328
1 0.24074074074074073 0.5186666666666666 0.037037037037037035 0.11466666666666664
0 0.5660225442834139 0.49333333333333335 0.04186795491143325 0.16000000000000003
1 0.3244766505636071 0.4893333333333333 0.02254428341384862 0.08266666666666661
0 0.4182769726247987 0.5186666666666667 0.023349436392914702 0.10933333333333334
0 0.4384057971014493 0.5106666666666666 0.016908212560386437 0.07733333333333337
0 0.44806763285024154 0.496 0.013687600644122389 0.0693333333333333
0 0.4593397745571659 0.4826666666666667 0.012077294685990336 0.04800000000000004
0 0.4847020933977456 0.5173333333333333 0.03542673107890498 0.10666666666666663
1 0.30152979066022545 0.49733333333333335 0.021739130434782594 0.06133333333333335
