0 0.4971819645732689 0.5306666666666666 0.04750402576489532 0.128
0 0.23067632850241548 0.6679999999999999 0.09581320450885669 0.33333333333333337
0 0.30112721417069244 0.62 0.06602254428341381 0.23199999999999998
1 0.35104669887278583 0.5453333333333333 0.040257648953301084 0.14666666666666672
0 0.41062801932367154 0.5666666666666667 0.059581320450885655 0.1413333333333333
1 0.40177133655394526 0.52 0.02254428341384862 0.09066666666666667
0 0.6276167471819645 0.584 0.07971014492753625 0.22399999999999998
0 0.5873590982286634 0.5533333333333333 0.05716586151368752 0.14666666666666672
0 0.5660225442834139 0.512 0.03542673107890504 0.12799999999999995
0 0.5293880837359097 0.496 0.021739130434782594 0.064
1 0.0680354267310789 0.5586666666666666 0.08937198067632851 0.32266666666666666
0 0.49396135265700486 0.508 0.03140096618357491 0.09333333333333332
