1 0.03341384863123993 0.6306666666666667 0.05072463768115942 0.23199999999999998
1 0.16988727858293076 0.572 0.025764895330112725 0.17333333333333328
0 0.3087761674718197 0.5506666666666666 0.013687600644122389 0.14666666666666667
0 0.3506441223832528 0.5293333333333333 0.01046698872785834 0.1253333333333333
1 0.2930756843800322 0.5306666666666666 0.009661835748792258 0.10133333333333339
1 0.321658615136876 0.5186666666666666 0.005636070853462183 0.08799999999999997
1 0.33695652173913043 0.52 0.004025764895330131 0.0693333333333333
0 0.39895330112721417 0.5026666666666667 0.004025764895330131 0.07733333333333331
1 0.36191626409017713 0.5013333333333334 0.004025764895330131 0.06933333333333336
1 0.3723832528180354 0.5 0.007246376811594235 0.061333333333333295
