0 0.7600644122383253 0.6066666666666667 0.14170692431562004 0.424
0 0.4718196457326892 0.5 0.03864734299516909 0.1413333333333333
0 0.322463768115942 0.5306666666666666 0.03784219001610306 0.10666666666666663
0 0.250805152979066 0.5133333333333333 0.03623188405797098 0.14666666666666667
0 0.4102254428341385 0.4933333333333333 0.028180354267310803 0.08000000000000002
0 0.606280193236715 0.5 0.033816425120772986 0.10400000000000004
1 0.5257648953301127 0.44533333333333336 0.02093397745571668 0.09600000000000003
0 0.6481481481481481 0.5 0.033816425120772875 0.10933333333333328
1 0.4887278582930757 0.432 0.025764895330112725 0.1333333333333333
0 0.13043478260869565 0.5426666666666666 0.03542673107890498 0.1093333333333334
0 0.04186795491143317 0.5640000000000001 0.035426731078905 0.09866666666666657
