0 0.5108695652173912 0.5773333333333334 0.055555555555555525 0.1733333333333334
0 0.6485507246376812 0.584 0.068438003220612 0.23999999999999994
0 0.5805152979066022 0.5426666666666666 0.02898550724637683 0.1253333333333333
0 0.5527375201288245 0.5306666666666666 0.023349436392914646 0.09066666666666662
1 0.23148148148148148 0.6186666666666667 0.061996779388083734 0.19200000000000006
1 0.394524959742351 0.5373333333333333 0.02737520128824472 0.09333333333333332
1 0.44202898550724634 0.516 0.01932367149758457 0.061333333333333295
1 0.23027375201288247 0.5813333333333334 0.041867954911433164 0.1226666666666667
1 0.2894524959742351 0.5453333333333333 0.03140096618357491 0.11999999999999994
1 0.4806763285024155 0.5026666666666666 0.014492753623188415 0.039999999999999925
1 0.34863123993558776 0.5333333333333333 0.02254428341384862 0.07466666666666666
1 0.4029790660225443 0.52 0.016908212560386493 0.05333333333333329
1 0.09822866344605474 0.5680000000000001 0.035426731078905 0.128
1 0.09742351046698873 0.5413333333333333 0.024154589371980673 0.09066666666666667
0 0.5269726247987118 0.5 0.015297906602254496 0.040000000000000036
