0 0.5020128824476651 0.5506666666666666 0.05716586151368763 0.1786666666666667
0 0.6336553945249597 0.5373333333333333 0.07729468599033817 0.312
0 0.5797101449275363 0.5213333333333334 0.040257648953301084 0.15200000000000002
0 0.5450885668276972 0.48533333333333334 0.019323671497584516 0.07999999999999996
0 0.5342190016103059 0.48133333333333334 0.013687600644122333 0.06133333333333335
1 0.1320450885668277 0.556 0.05475040257648951 0.184
1 0.27979066022544286 0.488 0.06360708534621579 0.2826666666666666
1 0.23107890499194847 0.5373333333333333 0.037037037037037035 0.1306666666666667
1 0.29066022544283415 0.5266666666666666 0.02898550724637683 0.08266666666666661
1 0.36312399355877617 0.496 0.019323671497584516 0.058666666666666645
1 0.3812399355877617 0.4853333333333333 0.016908212560386493 0.064
1 0.4029790660225443 0.48133333333333334 0.013687600644122389 0.04533333333333334
0 0.9376006441223832 0.528 0.021739130434782594 0.09066666666666667
1 0.16465378421900162 0.5333333333333333 0.028180354267310775 0.10666666666666669
