0 0.500805152979066 0.532 0.04508856682769724 0.14133333333333337
0 0.7145732689210951 0.648 0.12157809983896939 0.3786666666666667
0 0.6509661835748792 0.5853333333333333 0.0716586151368761 0.2533333333333333
0 0.6284219001610306 0.5386666666666666 0.05394524959742353 0.20800000000000007
0 0.5680354267310789 0.5026666666666667 0.03945249597423506 0.16799999999999998
0 0.5495169082125604 0.5066666666666667 0.0249597423510467 0.10133333333333333
0 0.5309983896940418 0.4866666666666667 0.015297906602254385 0.061333333333333295
1 0.2608695652173913 0.5253333333333333 0.03542673107890501 0.11733333333333329
1 0.40458937198067635 0.472 0.02657004830917875 0.11733333333333329
1 0.3059581320450886 0.5173333333333333 0.02737520128824472 0.09066666666666667
1 0.34057971014492755 0.5133333333333334 0.02254428341384862 0.06133333333333335
1 0.3864734299516908 0.4933333333333333 0.01610305958132041 0.04799999999999999
1 0.250805152979066 0.5146666666666666 0.02012882447665057 0.07999999999999996
