1 0.2830112721417069 0.6266666666666667 0.08293075684380033 0.26666666666666666
1 0.8462157809983897 0.5066666666666666 0.06441223832528187 0.21333333333333326
1 0.7463768115942029 0.5186666666666666 0.0499194847020934 0.17333333333333328
1 0.6996779388083736 0.5146666666666667 0.03703703703703698 0.14933333333333337
1 0.6751207729468599 0.512 0.028180354267310692 0.12799999999999995
1 0.6545893719806763 0.4986666666666667 0.025764895330112725 0.1226666666666667
0 0.5817230273752013 0.5533333333333333 0.05555555555555558 0.17333333333333334
0 0.5619967793880838 0.54 0.040257648953301195 0.10933333333333334
1 0.39170692431561993 0.536 0.03945249597423511 0.1386666666666666
1 0.4154589371980676 0.5066666666666666 0.037037037037037035 0.1386666666666666
0 0.6360708534621577 0.48533333333333334 0.004830917874396046 0.08533333333333337
0 0.5076489533011272 0.45199999999999996 0.03623188405797101 0.14666666666666667
