0 0.4963768115942029 0.5253333333333333 0.0346215780998389 0.10666666666666669
0 0.7008856682769726 0.6173333333333333 0.09259259259259256 0.33333333333333337
0 0.6481481481481481 0.5786666666666667 0.06441223832528187 0.23466666666666663
0 0.5966183574879227 0.564 0.05152979066022545 0.17333333333333328
0 0.5752818035426731 0.5373333333333333 0.04106280193236711 0.16266666666666668
0 0.567230273752013 0.5293333333333333 0.03462157809983901 0.1253333333333333
0 0.5535426731078905 0.52 0.0249597423510467 0.11733333333333335
1 0.4311594202898551 0.5013333333333333 0.013687600644122389 0.04266666666666663
0 0.5245571658615137 0.49333333333333335 0.013687600644122444 0.053333333333333344
0 0.5177133655394526 0.484 0.012882447665056307 0.055999999999999994
1 0.4029790660225443 0.49466666666666664 0.013687600644122389 0.04533333333333334
