1 0.25 0.672 0.10225442834138487 0.31466666666666665
1 0.33252818035426734 0.5986666666666667 0.06441223832528181 0.20533333333333337
1 0.789049919484702 0.5106666666666666 0.0499194847020934 0.17866666666666664
1 0.7077294685990339 0.5213333333333333 0.040257648953301195 0.14666666666666667
1 0.6739130434782609 0.5106666666666666 0.03059581320450877 0.1306666666666666
1 0.6553945249597424 0.516 0.024154589371980673 0.1146666666666667
1 0.6372785829307568 0.5013333333333333 0.021739130434782594 0.10666666666666663
0 0.57085346215781 0.5506666666666666 0.04669887278582929 0.14666666666666667
1 0.4061996779388084 0.54 0.03462157809983896 0.12
1 0.4251207729468599 0.5093333333333333 0.033816425120772986 0.12266666666666665
0 0.6280193236714976 0.49066666666666664 0.004830917874396157 0.07999999999999996
0 0.5096618357487923 0.46 0.03381642512077293 0.136
