0 0.6156325543916197 0.589095744680851 0.06446414182111204 0.18882978723404248
0 0.30338436744560837 0.6063829787234043 0.08299758259468171 0.2659574468085107
0 0.5362610797743754 0.5079787234042553 0.028203062046736505 0.07978723404255317
0 0.09629331184528606 0.6103723404255319 0.0797743755036261 0.24202127659574474
0 0.3718775181305399 0.5531914893617021 0.04915390813859788 0.1489361702127659
0 0.2723609991941982 0.5571808510638298 0.040290088638195 0.12499999999999994
0 0.330378726833199 0.5332446808510638 0.029008863819500408 0.08776595744680854
0 0.36019339242546333 0.4986702127659574 0.02256244963738918 0.08776595744680848
0 0.427477840451249 0.5066489361702128 0.021756647864625278 0.061170212765957466
0 0.3855761482675262 0.4933510638297872 0.021756647864625278 0.0718085106382979
0 0.483883964544722 0.5 0.02014504431909747 0.06382978723404253
0 0.5052377115229654 0.49069148936170215 0.011281224818694646 0.03989361702127653
