0 0.49476650563607083 0.5533333333333333 0.04267310789049916 0.1146666666666667
0 0.3144122383252818 0.6266666666666667 0.07648953301127215 0.26666666666666666
0 0.3494363929146538 0.588 0.05958132045088571 0.21599999999999997
0 0.3904991948470209 0.552 0.03542673107890498 0.13333333333333336
0 0.42632850241545894 0.496 0.03462157809983901 0.1866666666666667
0 0.5281803542673107 0.4933333333333333 0.020933977455716568 0.08000000000000002
0 0.4915458937198068 0.5146666666666666 0.02657004830917875 0.07999999999999996
0 0.4440418679549114 0.5106666666666666 0.016908212560386493 0.10399999999999998
1 0.07045088566827697 0.532 0.05072463768115942 0.15199999999999997
1 0.16465378421900162 0.528 0.03140096618357488 0.09599999999999997
1 0.30797101449275366 0.4853333333333333 0.03140096618357485 0.12266666666666665
