1 0.24879227053140096 0.6586666666666667 0.09661835748792269 0.30933333333333335
1 0.8876811594202898 0.512 0.0748792270531401 0.24
1 0.7737520128824477 0.5293333333333333 0.05797101449275366 0.18933333333333335
1 0.7185990338164251 0.5186666666666666 0.04106280193236711 0.16266666666666663
1 0.6912238325281803 0.5146666666666666 0.03140096618357491 0.1386666666666666
1 0.6658615136876007 0.508 0.027375201288244777 0.1306666666666667
1 0.6489533011272142 0.5093333333333333 0.025764895330112725 0.10666666666666663
0 0.5909822866344605 0.5613333333333334 0.06119162640901765 0.18933333333333335
0 0.5676328502415459 0.5453333333333333 0.04347826086956519 0.11999999999999994
1 0.3844605475040258 0.5453333333333333 0.04267310789049922 0.14666666666666672
1 0.41103059581320456 0.5133333333333333 0.03945249597423511 0.14666666666666667
0 0.643719806763285 0.488 0.005636070853462183 0.09066666666666667
0 0.5088566827697263 0.45333333333333337 0.037037037037037035 0.14933333333333337
