0 0.5245571658615137 0.628 0.09259259259259256 0.29066666666666663
0 0.6038647342995169 0.5426666666666666 0.041867954911433136 0.15733333333333327
0 0.567632850241546 0.524 0.02254428341384862 0.09866666666666668
0 0.5483091787439613 0.5146666666666667 0.019323671497584627 0.07466666666666671
1 0.2640901771336554 0.5973333333333333 0.05152979066022545 0.16000000000000003
1 0.04428341384863124 0.648 0.06763285024154589 0.19199999999999995
1 0.42592592592592593 0.512 0.020933977455716568 0.06400000000000006
1 0.46779388083735907 0.49866666666666665 0.014492753623188415 0.04799999999999993
1 0.29549114331723025 0.5466666666666666 0.03220611916264088 0.09600000000000003
1 0.3321256038647343 0.5253333333333333 0.0249597423510467 0.09600000000000003
1 0.3752012882447665 0.5146666666666666 0.019323671497584516 0.06399999999999995
1 0.41988727858293073 0.5106666666666666 0.01529790660225444 0.04533333333333334
1 0.19605475040257647 0.54 0.028180354267310775 0.09866666666666674
1 0.17914653784219003 0.524 0.02012882447665057 0.07200000000000006
