0 0.49476650563607083 0.528 0.03623188405797095 0.11199999999999999
0 0.7238325281803543 0.6626666666666667 0.11916264090177142 0.45600000000000007
0 0.6666666666666667 0.608 0.07407407407407407 0.2666666666666666
0 0.6139291465378421 0.5693333333333332 0.050724637681159424 0.19466666666666665
1 0.4114331723027375 0.5053333333333333 0.017713365539452464 0.05066666666666664
1 0.31400966183574874 0.5640000000000001 0.04025764895330114 0.1253333333333334
0 0.5583735909822867 0.5226666666666667 0.02657004830917875 0.11733333333333335
0 0.5402576489533011 0.5093333333333334 0.02254428341384862 0.08533333333333337
0 0.5241545893719807 0.4866666666666667 0.017713365539452575 0.07733333333333331
1 0.36513687600644124 0.5013333333333333 0.01851851851851849 0.064
1 0.38003220611916266 0.49866666666666665 0.016103059581320467 0.053333333333333344
1 0.3442028985507246 0.49866666666666665 0.012077294685990336 0.04799999999999993
