1 0.38486312399355876 0.4693333333333333 0.025764895330112725 0.11199999999999999
0 0.41747181964573266 0.4746666666666667 0.020128824476650597 0.08533333333333332
0 0.463768115942029 0.47333333333333333 0.020933977455716568 0.07199999999999995
1 0.5829307568438002 0.45466666666666666 0.017713365539452464 0.09333333333333332
0 0.6002415458937198 0.4613333333333334 0.013687600644122444 0.064
0 0.6356682769726247 0.4573333333333333 0.01207729468599028 0.06666666666666665
0 0.6654589371980677 0.4653333333333333 0.010466988727858229 0.05066666666666664
0 0.681964573268921 0.46399999999999997 0.011272141706924255 0.05333333333333329
0 0.7037037037037037 0.4653333333333333 0.011272141706924366 0.05066666666666664
1 0.7286634460547504 0.4613333333333333 0.011272141706924366 0.053333333333333344
1 0.7681159420289855 0.44533333333333336 0.009661835748792313 0.07466666666666671
1 0.7854267310789049 0.45333333333333337 0.007246376811594124 0.04799999999999999
1 0.8003220611916264 0.45466666666666666 0.008051529790660261 0.04533333333333334
