0 0.4782608695652174 0.5466666666666666 0.04669887278582929 0.12266666666666665
0 0.30917874396135264 0.6733333333333333 0.10144927536231885 0.29600000000000004
1 0.250805152979066 0.6333333333333333 0.07165861513687599 0.2426666666666667
1 0.3538647342995169 0.5506666666666666 0.033011272141706904 0.1253333333333333
1 0.37318840579710144 0.5333333333333333 0.028180354267310803 0.1226666666666667
1 0.39009661835748793 0.524 0.023349436392914646 0.08266666666666667
0 0.4351851851851852 0.516 0.028180354267310803 0.07733333333333331
1 0.41747181964573266 0.5026666666666666 0.01529790660225444 0.07199999999999995
0 0.5471014492753623 0.5373333333333333 0.037842190016103006 0.1146666666666667
0 0.5398550724637681 0.45066666666666666 0.04750402576489532 0.20799999999999996
1 0.10144927536231885 0.552 0.04186795491143318 0.11199999999999999
0 0.48228663446054754 0.5133333333333333 0.028985507246376774 0.08800000000000002
