0 0.4971819645732689 0.532 0.04267310789049916 0.1146666666666667
1 0.22987117552334943 0.648 0.08776167471819646 0.2826666666666666
1 0.30112721417069244 0.5906666666666667 0.06119162640901771 0.2373333333333334
1 0.36030595813204513 0.548 0.03462157809983896 0.1306666666666666
0 0.42592592592592593 0.5546666666666666 0.04508856682769724 0.12266666666666665
0 0.4440418679549114 0.532 0.03784219001610306 0.10933333333333334
1 0.4110305958132045 0.5133333333333333 0.021739130434782594 0.09866666666666662
0 0.6392914653784219 0.62 0.08051529790660228 0.2373333333333334
0 0.5994363929146538 0.44666666666666666 0.07648953301127204 0.33866666666666667
0 0.538647342995169 0.504 0.027375201288244777 0.08000000000000002
0 0.5205314009661837 0.45066666666666666 0.028180354267310803 0.12800000000000006
0 0.49114331723027377 0.5066666666666667 0.027375201288244777 0.08533333333333332
1 0.17914653784219003 0.5253333333333333 0.03140096618357488 0.10133333333333328
