1 0.855475040257649 0.5333333333333333 0.07648953301127215 0.256
1 0.7866344605475041 0.5226666666666666 0.05152979066022545 0.20266666666666666
1 0.7403381642512077 0.5106666666666666 0.04267310789049927 0.17866666666666664
1 0.7085346215780999 0.512 0.03703703703703709 0.13866666666666672
0 0.6694847020933977 0.6226666666666667 0.10386473429951693 0.3173333333333333
0 0.6095008051529791 0.5693333333333334 0.0628019323671497 0.16799999999999998
1 0.3470209339774557 0.58 0.06119162640901771 0.21599999999999997
1 0.394122383252818 0.5293333333333333 0.05233494363929142 0.1946666666666667
0 0.6839774557165861 0.476 0.008856682769726176 0.10933333333333328
1 0.43719806763285024 0.5173333333333333 0.03059581320450888 0.10133333333333328
0 0.5217391304347826 0.44533333333333336 0.04347826086956519 0.176
