0 0.49275362318840576 0.54 0.04508856682769724 0.12
0 0.27334943639291465 0.6533333333333333 0.08454106280193238 0.32
0 0.3433977455716586 0.5866666666666667 0.06360708534621579 0.28800000000000003
0 0.39533011272141705 0.5586666666666666 0.03864734299516909 0.14666666666666667
0 0.40217391304347827 0.5413333333333333 0.03140096618357491 0.12799999999999995
0 0.4182769726247987 0.5146666666666667 0.023349436392914702 0.09066666666666673
0 0.4339774557165862 0.5093333333333333 0.01771336553945252 0.08000000000000002
0 0.6392914653784219 0.532 0.08373590982286638 0.3226666666666667
0 0.5430756843800322 0.5066666666666666 0.0249597423510467 0.06933333333333336
0 0.5253623188405797 0.4746666666666667 0.020128824476650653 0.08000000000000007
0 0.4891304347826087 0.5093333333333334 0.028180354267310803 0.08533333333333337
1 0.02938808373590982 0.5573333333333333 0.05555555555555555 0.15466666666666673
1 0.22101449275362317 0.5133333333333333 0.05233494363929145 0.21599999999999997
1 0.15217391304347827 0.524 0.037037037037037035 0.12533333333333335
