0 0.4565217391304348 0.5426666666666666 0.037037037037037035 0.09866666666666662
1 0.10225442834138487 0.7386666666666667 0.15136876006441224 0.4693333333333334
1 0.3196457326892109 0.58 0.04186795491143319 0.15733333333333333
0 0.3474235104669887 0.5573333333333333 0.03784219001610306 0.14399999999999996
0 0.38446054750402575 0.54 0.029790660225442855 0.09866666666666674
0 0.40096618357487923 0.536 0.020933977455716568 0.08533333333333332
0 0.4138486312399356 0.5066666666666666 0.019323671497584516 0.09599999999999997
0 0.6179549114331723 0.6373333333333333 0.08937198067632846 0.2613333333333333
0 0.5805152979066023 0.5933333333333333 0.0531400966183575 0.16800000000000004
0 0.5523349436392915 0.5613333333333334 0.04508856682769724 0.13599999999999995
0 0.5253623188405797 0.46266666666666667 0.05394524959742353 0.24266666666666664
1 0.16545893719806765 0.552 0.034621578099838984 0.10133333333333339
0 0.46618357487922707 0.5226666666666666 0.027375201288244777 0.07999999999999996
