0 0.47665056360708535 0.5506666666666666 0.04669887278582929 0.1253333333333333
0 0.31481481481481477 0.6853333333333333 0.107890499194847 0.32533333333333336
0 0.36231884057971014 0.616 0.06763285024154586 0.19733333333333336
1 0.3111916264090177 0.596 0.04750402576489532 0.17333333333333334
0 0.43397745571658614 0.5173333333333334 0.024154589371980673 0.06933333333333336
0 0.6461352657004831 0.628 0.0845410628019323 0.3013333333333333
0 0.5318035426731078 0.5373333333333333 0.03140096618357491 0.09333333333333332
0 0.5261674718196457 0.45066666666666666 0.04106280193236711 0.18133333333333335
1 0.15539452495974235 0.5413333333333333 0.03542673107890498 0.09600000000000003
0 0.4758454106280193 0.524 0.02898550724637683 0.08799999999999997
