0 0.5701047542304594 0.5452127659574468 0.042707493956486764 0.12765957446808512
0 0.5149073327961322 0.5013297872340425 0.019339242546333568 0.05585106382978727
0 0.3477034649476229 0.5558510638297872 0.050765511684125686 0.16489361702127664
0 0.2268331990330379 0.5571808510638299 0.0475423045930701 0.14627659574468088
0 0.30620467365028203 0.5172872340425532 0.03223207091055602 0.125
0 0.40209508460918614 0.5212765957446809 0.030620467365028214 0.08510638297872336
0 0.3501208702659146 0.5039893617021276 0.02981466559226431 0.09840425531914898
0 0.43110394842868655 0.5106382978723404 0.02256244963738918 0.06382978723404248
0 0.4846897663174859 0.5093085106382979 0.02497985495568089 0.07712765957446804
0 0.38396454472199837 0.5066489361702128 0.021756647864625334 0.061170212765957466
0 0.3843674456083803 0.4920212765957447 0.02095084609186143 0.06914893617021273
