0 0.499597423510467 0.5373333333333333 0.04267310789049916 0.1306666666666667
0 0.6368760064412238 0.5933333333333334 0.07407407407407407 0.24800000000000005
0 0.6151368760064412 0.5586666666666666 0.05152979066022545 0.1893333333333333
0 0.6014492753623188 0.5333333333333333 0.041867954911433136 0.16533333333333333
0 0.5571658615136876 0.5013333333333334 0.033816425120772986 0.14400000000000002
0 0.5422705314009661 0.508 0.021739130434782594 0.08800000000000002
0 0.5277777777777778 0.4933333333333333 0.013687600644122444 0.05866666666666659
1 0.28784219001610306 0.5226666666666666 0.03140096618357491 0.10133333333333339
1 0.41787439613526567 0.4786666666666667 0.022544283413848676 0.09866666666666668
1 0.32407407407407407 0.5213333333333333 0.023349436392914646 0.08266666666666667
1 0.3526570048309179 0.5173333333333333 0.020933977455716568 0.058666666666666645
1 0.3900966183574879 0.5 0.01529790660225444 0.04533333333333328
1 0.27294685990338163 0.5186666666666666 0.019323671497584516 0.07199999999999995
1 0.0426731078904992 0.528 0.033816425120772944 0.08533333333333332
