0 0.5398550724637681 0.7266666666666667 0.16022544283413848 0.504
0 0.5986312399355878 0.5266666666666666 0.04106280193236711 0.15200000000000002
0 0.5652173913043479 0.5093333333333333 0.02254428341384862 0.09600000000000003
0 0.5471014492753623 0.5 0.0185185185185186 0.07200000000000001
1 0.4355877616747182 0.49866666666666665 0.017713365539452464 0.053333333333333344
1 0.06884057971014493 0.62 0.06521739130434784 0.18399999999999994
1 0.48309178743961356 0.48 0.012882447665056362 0.03733333333333333
1 0.2999194847020934 0.5306666666666666 0.03140096618357491 0.09066666666666662
1 0.3361513687600644 0.5106666666666667 0.0249597423510467 0.09333333333333332
1 0.3776167471819646 0.5013333333333333 0.019323671497584516 0.064
1 0.4219001610305958 0.49466666666666664 0.014492753623188415 0.04533333333333334
1 0.2041062801932367 0.5253333333333333 0.02657004830917875 0.09600000000000003
1 0.1892109500805153 0.5133333333333333 0.019323671497584544 0.07200000000000001
