0 0.4935587761674718 0.5346666666666666 0.04669887278582929 0.1253333333333334
0 0.29267310789049916 0.6213333333333333 0.06521739130434784 0.24533333333333335
0 0.3385668276972625 0.5880000000000001 0.04911433172302737 0.18400000000000005
1 0.3663446054750402 0.536 0.03381642512077293 0.128
0 0.4210950080515298 0.5533333333333333 0.0499194847020934 0.11999999999999994
1 0.4106280193236715 0.5146666666666666 0.019323671497584516 0.07999999999999996
0 0.7407407407407407 0.5586666666666666 0.1626409017713365 0.648
0 0.5978260869565217 0.5613333333333332 0.06360708534621584 0.17866666666666664
0 0.57085346215781 0.5413333333333333 0.048309178743961345 0.1226666666666667
0 0.5563607085346216 0.512 0.032206119162640934 0.11199999999999993
0 0.5237520128824477 0.5013333333333333 0.020128824476650653 0.058666666666666645
1 0.14814814814814814 0.5426666666666666 0.07246376811594202 0.2586666666666667
0 0.49114331723027377 0.5106666666666667 0.03059581320450888 0.09333333333333332
