1 0.3607085346215781 0.6133333333333333 0.08051529790660228 0.27199999999999996
0 0.6501610305958132 0.6466666666666666 0.0877616747181964 0.312
0 0.5813204508856683 0.5786666666666667 0.06119162640901776 0.19733333333333336
0 0.40096618357487923 0.5986666666666667 0.05152979066022545 0.17333333333333334
1 0.41666666666666663 0.5533333333333333 0.04267310789049922 0.12533333333333335
0 0.5591787439613527 0.5426666666666666 0.04106280193236722 0.136
0 0.53743961352657 0.5253333333333333 0.03462157809983901 0.10666666666666669
1 0.4420289855072464 0.512 0.024154589371980673 0.08000000000000007
1 0.4557165861513688 0.4973333333333333 0.022544283413848676 0.08800000000000002
1 0.46497584541062803 0.49466666666666664 0.020128824476650542 0.07199999999999995
