0 0.49597423510466987 0.528 0.033816425120772875 0.10666666666666669
1 0.0426731078904992 0.6093333333333333 0.07246376811594203 0.22133333333333333
0 0.6787439613526569 0.6013333333333333 0.08051529790660228 0.296
0 0.6360708534621577 0.5693333333333334 0.05797101449275355 0.21600000000000003
0 0.5893719806763285 0.5586666666666666 0.048309178743961345 0.16266666666666668
0 0.570450885668277 0.532 0.037842190016103006 0.15199999999999997
0 0.5640096618357489 0.5266666666666666 0.03301127214170696 0.12
0 0.5507246376811594 0.5186666666666666 0.024154589371980673 0.11466666666666664
1 0.43317230273752017 0.5 0.012882447665056362 0.040000000000000036
0 0.5241545893719807 0.492 0.012882447665056418 0.05066666666666664
0 0.5173107890499196 0.484 0.01207729468599028 0.055999999999999994
1 0.40458937198067635 0.49466666666666664 0.013687600644122389 0.04533333333333334
