0 0.5056360708534622 0.5413333333333333 0.0499194847020934 0.1333333333333333
0 0.18478260869565216 0.7426666666666667 0.15378421900161032 0.504
0 0.3973429951690821 0.5666666666666667 0.041062801932367166 0.1786666666666667
0 0.41264090177133655 0.524 0.029790660225442855 0.11999999999999994
0 0.42954911433172305 0.5146666666666666 0.02657004830917875 0.10666666666666663
0 0.44484702093397743 0.49733333333333335 0.020128824476650597 0.07733333333333337
0 0.46698872785829304 0.4666666666666667 0.016103059581320467 0.09066666666666667
0 0.7181964573268922 0.6293333333333333 0.08534621578099844 0.2506666666666667
0 0.642914653784219 0.5746666666666667 0.05716586151368763 0.16266666666666668
0 0.6111111111111112 0.5253333333333333 0.048309178743961345 0.15466666666666667
1 0.13365539452495975 0.5813333333333334 0.06280193236714977 0.20800000000000002
1 0.24074074074074076 0.5413333333333333 0.04508856682769727 0.14933333333333332
0 0.5032206119162641 0.5 0.028985507246376774 0.08800000000000002
1 0.28985507246376807 0.5186666666666666 0.037037037037037035 0.12
1 0.06561996779388084 0.5413333333333333 0.047504025764895326 0.15466666666666667
