0 0.5 0.536 0.04347826086956519 0.1386666666666666
0 0.6686795491143317 0.6146666666666667 0.09259259259259256 0.3013333333333333
0 0.6300322061191627 0.5693333333333334 0.058776167471819685 0.21600000000000003
0 0.6131239935587762 0.5346666666666666 0.04750402576489543 0.18400000000000005
0 0.5623993558776168 0.5026666666666667 0.036231884057971064 0.15733333333333338
0 0.5454911433172303 0.508 0.023349436392914646 0.09333333333333332
0 0.5289855072463768 0.48933333333333334 0.01449275362318847 0.06133333333333335
1 0.2749597423510467 0.524 0.03301127214170696 0.10933333333333334
1 0.41223832528180354 0.4746666666666667 0.024154589371980673 0.10666666666666669
1 0.31521739130434784 0.5186666666666666 0.0249597423510467 0.08799999999999997
1 0.3470209339774557 0.516 0.020933977455716568 0.061333333333333295
1 0.38808373590982287 0.496 0.01610305958132041 0.04800000000000004
1 0.26247987117552335 0.5173333333333333 0.019323671497584516 0.07466666666666666
1 0.018518518518518517 0.524 0.035426731078905 0.08799999999999997
