0 0.4842995169082126 0.5306666666666666 0.03945249597423511 0.10666666666666663
1 0.25442834138486314 0.6173333333333333 0.07085346215781 0.23199999999999998
0 0.36795491143317227 0.632 0.08051529790660222 0.22399999999999998
0 0.4070048309178744 0.5706666666666667 0.05877616747181963 0.1706666666666667
1 0.36795491143317227 0.532 0.03220611916264088 0.13599999999999995
0 0.677938808373591 0.45466666666666666 0.14170692431561993 0.6213333333333333
0 0.5446859903381642 0.528 0.03623188405797095 0.10666666666666669
0 0.5273752012882447 0.516 0.025764895330112725 0.07733333333333331
0 0.5181159420289856 0.45599999999999996 0.03462157809983901 0.15466666666666667
1 0.21336553945249598 0.5186666666666666 0.032206119162640906 0.08799999999999997
0 0.4722222222222222 0.5133333333333333 0.02657004830917875 0.08266666666666667
