1 0.40700483091787437 0.6053333333333333 0.07648953301127215 0.2613333333333333
0 0.7669082125603864 0.744 0.15861513687600648 0.4693333333333334
0 0.7041062801932367 0.604 0.09581320450885666 0.29066666666666663
0 0.9472624798711755 0.46399999999999997 0.050724637681159424 0.22399999999999998
0 0.8425925925925926 0.484 0.05394524959742353 0.1946666666666667
1 0.48550724637681164 0.5106666666666666 0.03542673107890498 0.11466666666666664
1 0.7274557165861513 0.476 0.0249597423510467 0.09866666666666662
0 0.6312399355877616 0.492 0.032206119162640934 0.09866666666666668
1 0.5185185185185186 0.492 0.024154589371980673 0.08266666666666667
0 0.5966183574879227 0.43733333333333335 0.02898550724637683 0.11733333333333335
