0 0.48550724637681164 0.536 0.045088566827697296 0.1226666666666667
0 0.24798711755233493 0.6986666666666668 0.11916264090177131 0.384
0 0.30636070853462155 0.6186666666666667 0.0748792270531401 0.272
0 0.3715780998389694 0.556 0.041062801932367166 0.1466666666666666
0 0.4082125603864734 0.528 0.027375201288244777 0.11733333333333335
0 0.45128824476650564 0.504 0.012077294685990336 0.08000000000000002
0 0.7105475040257649 0.6426666666666667 0.10064412238325282 0.28266666666666673
0 0.5640096618357489 0.5346666666666666 0.03462157809983901 0.09866666666666662
0 0.5318035426731078 0.4866666666666667 0.0249597423510467 0.09866666666666668
0 0.48993558776167473 0.516 0.029790660225442855 0.08800000000000008
1 0.05152979066022544 0.5493333333333333 0.04186795491143318 0.12799999999999995
1 0.19363929146537842 0.52 0.029790660225442855 0.08533333333333332
