0 0.4774375503626108 0.511968085106383 0.016921837228041914 0.050531914893617025
0 0.612812248186946 0.6223404255319149 0.08944399677679282 0.276595744680851
0 0.2723609991941982 0.6037234042553191 0.0676873489121676 0.18617021276595747
0 0.16720386784850927 0.5518617021276596 0.06365834004834808 0.20478723404255322
0 0.3348106365834005 0.5664893617021276 0.045930701047542266 0.12765957446808518
0 0.4528605962933119 0.535904255319149 0.03545527800161158 0.10904255319148942
0 0.27437550362610796 0.5412234042553191 0.03787268331990329 0.10372340425531917
0 0.3835616438356164 0.5252659574468085 0.022562449637389237 0.0664893617021276
0 0.3074133763094279 0.511968085106383 0.02981466559226431 0.10372340425531912
0 0.39242546333601935 0.511968085106383 0.019339242546333624 0.05585106382978722
0 0.4053182917002417 0.49069148936170215 0.017727639000805817 0.0771276595744681
