0 0.25483091787439616 0.5933333333333334 0.03140096618357485 0.25866666666666666
1 0.17431561996779388 0.5986666666666667 0.03140096618357488 0.2106666666666666
0 0.33937198067632846 0.5573333333333333 0.01529790660225444 0.18133333333333335
1 0.26368760064412233 0.5293333333333333 0.013687600644122389 0.15199999999999997
0 0.7592592592592593 0.7586666666666666 0.14170692431562004 0.43466666666666665
1 0.5933977455716586 0.5413333333333333 0.009661835748792313 0.13866666666666672
1 0.34581320450885666 0.5026666666666667 0.005636070853462127 0.08266666666666672
0 0.42673107890499196 0.508 0.0032206119162641045 0.07733333333333331
0 0.5277777777777777 0.5093333333333334 0.023349436392914646 0.06933333333333336
0 0.500805152979066 0.4653333333333333 0.011272141706924366 0.04533333333333334
