0 0.501207729468599 0.5666666666666667 0.05716586151368763 0.15200000000000008
0 0.6871980676328502 0.5866666666666667 0.11030595813204502 0.4106666666666667
1 0.13405797101449274 0.5253333333333333 0.05072463768115941 0.18133333333333335
0 0.3377616747181964 0.5826666666666667 0.061996779388083734 0.24266666666666664
0 0.3695652173913043 0.5666666666666667 0.043478260869565244 0.17333333333333334
0 0.3993558776167472 0.5533333333333333 0.03542673107890504 0.1413333333333333
0 0.42351046698872785 0.532 0.027375201288244777 0.10933333333333334
0 0.4496779388083736 0.5066666666666666 0.015297906602254385 0.06933333333333336
0 0.5950080515297906 0.5519999999999999 0.04508856682769724 0.12266666666666665
0 0.572463768115942 0.5173333333333333 0.03542673107890493 0.11200000000000004
0 0.49033816425120774 0.5266666666666666 0.032206119162640934 0.09866666666666662
1 0.21658615136876008 0.5093333333333333 0.032206119162640906 0.09066666666666662
