0 0.49597423510466987 0.5386666666666666 0.048309178743961345 0.128
1 0.28582930756843805 0.5693333333333334 0.06119162640901771 0.21600000000000003
0 0.3643317230273752 0.62 0.09259259259259256 0.22133333333333338
0 0.4057971014492754 0.5613333333333334 0.05636070853462155 0.17333333333333334
1 0.37600644122383253 0.5253333333333333 0.02898550724637683 0.11200000000000004
0 0.7471819645732689 0.7213333333333334 0.1561996779388084 0.43466666666666665
0 0.6380837359098228 0.6186666666666667 0.08776167471819651 0.22399999999999998
0 0.5909822866344605 0.5413333333333333 0.048309178743961345 0.1706666666666667
0 0.5322061191626408 0.5093333333333333 0.025764895330112725 0.07466666666666666
0 0.5293880837359098 0.44533333333333336 0.0346215780998389 0.14933333333333337
0 0.4883252818035427 0.508 0.029790660225442855 0.09333333333333332
1 0.14935587761674718 0.5186666666666666 0.03462157809983896 0.10399999999999998
