0 0.4907407407407407 0.5306666666666666 0.04428341384863116 0.1173333333333334
1 0.10507246376811595 0.7373333333333334 0.1457326892109501 0.40800000000000003
1 0.30797101449275366 0.5866666666666667 0.05394524959742347 0.192
1 0.3438003220611916 0.5573333333333333 0.04186795491143319 0.176
1 0.3788244766505636 0.536 0.028180354267310803 0.10666666666666669
0 0.4347826086956522 0.536 0.037037037037037035 0.10133333333333333
1 0.4182769726247987 0.5066666666666667 0.018518518518518545 0.08533333333333332
0 0.5929951690821256 0.5666666666666667 0.05716586151368763 0.16799999999999993
0 0.5740740740740741 0.444 0.06280193236714982 0.2746666666666667
0 0.4915458937198068 0.504 0.028180354267310803 0.08533333333333332
1 0.2077294685990338 0.52 0.0289855072463768 0.09066666666666667
