0 0.499194847020934 0.5306666666666666 0.048309178743961345 0.128
0 0.18035426731078905 0.7053333333333334 0.12238325281803542 0.4026666666666666
0 0.27375201288244766 0.64 0.0789049919484702 0.2666666666666666
1 0.3393719806763285 0.5493333333333333 0.044283413848631215 0.15999999999999998
0 0.4029790660225443 0.5733333333333333 0.06521739130434784 0.15466666666666662
1 0.3965378421900161 0.5146666666666666 0.023349436392914646 0.09599999999999997
0 0.6457326892109501 0.5973333333333334 0.09178743961352653 0.25600000000000006
0 0.5986312399355878 0.5573333333333333 0.06199677938808379 0.15999999999999998
0 0.571658615136876 0.5106666666666666 0.03864734299516903 0.136
0 0.5314009661835748 0.49866666666666665 0.02254428341384862 0.06399999999999995
0 0.49315619967793883 0.5026666666666667 0.03140096618357491 0.09333333333333332
1 0.20450885668276975 0.5106666666666666 0.0289855072463768 0.08799999999999997
