0 0.5 0.5666666666666667 0.0531400966183575 0.1413333333333333
0 0.23510466988727857 0.6853333333333333 0.12238325281803542 0.432
0 0.3164251207729469 0.628 0.07246376811594202 0.264
0 0.3667471819645733 0.6013333333333333 0.052334943639291476 0.2053333333333333
0 0.41022544283413853 0.5533333333333333 0.03462157809983896 0.1413333333333333
0 0.4464573268921095 0.5173333333333333 0.018518518518518545 0.08000000000000002
0 0.6372785829307568 0.5906666666666667 0.06199677938808368 0.16799999999999993
0 0.5954106280193237 0.5386666666666666 0.044283413848631215 0.13866666666666666
0 0.4955716586151369 0.524 0.03140096618357491 0.09333333333333332
1 0.16143317230273752 0.5226666666666666 0.03945249597423511 0.11199999999999999
