0 0.500402576489533 0.5333333333333333 0.044283413848631215 0.13866666666666666
0 0.6892109500805152 0.628 0.10466988727858284 0.3333333333333333
0 0.6404991948470209 0.5760000000000001 0.06521739130434778 0.2346666666666667
0 0.6203703703703703 0.5373333333333333 0.050724637681159424 0.1946666666666667
0 0.5656199677938809 0.5026666666666666 0.03784219001610312 0.16266666666666663
0 0.5475040257648953 0.5066666666666666 0.024154589371980673 0.09599999999999997
0 0.5297906602254429 0.48933333333333334 0.01449275362318847 0.06133333333333335
1 0.2681159420289855 0.5253333333333333 0.03381642512077293 0.11200000000000004
1 0.4086151368760064 0.472 0.0249597423510467 0.11200000000000004
1 0.3107890499194847 0.5186666666666666 0.025764895330112725 0.08799999999999997
1 0.3438003220611916 0.5146666666666666 0.020933977455716624 0.06399999999999995
1 0.38727858293075684 0.4946666666666667 0.01610305958132041 0.05066666666666669
1 0.2564412238325282 0.516 0.02012882447665057 0.07733333333333331
