0 0.5225442834138486 0.64 0.107890499194847 0.3413333333333333
0 0.5817230273752012 0.5186666666666666 0.03301127214170696 0.13066666666666665
0 0.5567632850241546 0.5053333333333333 0.020128824476650542 0.08800000000000002
0 0.5410628019323671 0.4973333333333333 0.017713365539452464 0.0666666666666666
1 0.14090177133655393 0.5946666666666667 0.05314009661835749 0.14933333333333332
1 0.31521739130434784 0.5253333333333333 0.028180354267310803 0.08533333333333326
1 0.3470209339774557 0.508 0.02254428341384862 0.08800000000000002
1 0.3836553945249598 0.4986666666666667 0.018518518518518545 0.0586666666666667
1 0.4227053140096618 0.492 0.014492753623188415 0.04533333333333339
1 0.2278582930756844 0.5186666666666666 0.0241545893719807 0.08799999999999997
