0 0.5185185185185185 0.6253333333333333 0.09822866344605474 0.30666666666666664
0 0.749194847020934 0.6786666666666666 0.13929146537842185 0.4506666666666667
0 0.5772946859903382 0.5173333333333333 0.03220611916264082 0.12266666666666665
0 0.5539452495974235 0.5026666666666667 0.019323671497584516 0.08266666666666672
0 0.538647342995169 0.496 0.01610305958132041 0.064
1 0.1642512077294686 0.5853333333333334 0.0499194847020934 0.1413333333333333
1 0.321256038647343 0.524 0.027375201288244777 0.08266666666666667
1 0.35104669887278583 0.5066666666666667 0.02254428341384862 0.08533333333333332
1 0.3860708534621578 0.4986666666666667 0.016908212560386437 0.0586666666666667
1 0.42310789049919484 0.492 0.013687600644122389 0.04533333333333339
1 0.23752012882447665 0.5173333333333334 0.02254428341384862 0.08533333333333337
