0 0.4633655394524959 0.5373333333333333 0.03784219001610306 0.09866666666666668
0 0.2930756843800322 0.7253333333333334 0.13526570048309178 0.3946666666666666
1 0.28301127214170696 0.5986666666666667 0.061996779388083734 0.2373333333333334
1 0.3615136876006441 0.5466666666666666 0.02898550724637683 0.11733333333333329
0 0.37681159420289856 0.532 0.027375201288244777 0.10933333333333334
0 0.40217391304347827 0.5226666666666666 0.023349436392914646 0.07999999999999996
0 0.41304347826086957 0.5186666666666666 0.017713365539452464 0.07199999999999995
0 0.42310789049919484 0.4973333333333333 0.016908212560386437 0.08266666666666661
0 0.5656199677938808 0.5640000000000001 0.05555555555555558 0.16266666666666663
0 0.5346215780998389 0.5306666666666666 0.033816425120772986 0.10133333333333339
0 0.5185185185185185 0.4613333333333334 0.04347826086956519 0.19733333333333336
1 0.09500805152979067 0.5546666666666666 0.045088566827697255 0.12266666666666665
0 0.463365539452496 0.5146666666666666 0.02657004830917875 0.07999999999999996
