0 0.6916264090177133 0.6453333333333333 0.11433172302737515 0.31466666666666665
0 0.13647342995169082 0.5266666666666666 0.06038647342995168 0.40800000000000003
0 0.6666666666666667 0.544 0.07729468599033817 0.24000000000000005
0 0.4967793880837359 0.4893333333333333 0.030595813204508937 0.11466666666666664
0 0.3743961352657005 0.512 0.03059581320450888 0.08533333333333332
0 0.3196457326892109 0.496 0.028985507246376774 0.11733333333333329
0 0.6078904991948471 0.492 0.02898550724637683 0.08266666666666667
1 0.5426731078904992 0.44266666666666665 0.019323671497584516 0.08533333333333332
1 0.5100644122383253 0.428 0.023349436392914646 0.12
0 0.22544283413848631 0.5106666666666666 0.027375201288244777 0.08799999999999997
