0 0.7105475040257649 0.6586666666666667 0.11674718196457323 0.384
1 0.18639291465378421 0.7333333333333334 0.12157809983896939 0.3413333333333334
1 0.30716586151368763 0.608 0.070048309178744 0.24
0 0.5942028985507246 0.5626666666666666 0.05958132045088571 0.18133333333333335
1 0.3691626409017713 0.5746666666666667 0.04911433172302743 0.16799999999999998
0 0.5748792270531401 0.544 0.041867954911433136 0.128
0 0.5507246376811594 0.488 0.048309178743961345 0.1866666666666667
0 0.5152979066022545 0.512 0.017713365539452464 0.05333333333333329
0 0.43276972624798715 0.5226666666666666 0.018518518518518545 0.04799999999999999
0 0.5060386473429952 0.508 0.015297906602254385 0.05600000000000005
0 0.4834943639291466 0.5106666666666666 0.013687600644122389 0.03999999999999998
