0 0.4903381642512077 0.5453333333333333 0.045088566827697185 0.11999999999999994
0 0.29066022544283415 0.6306666666666667 0.09339774557165861 0.4026666666666666
0 0.37359098228663445 0.5826666666666667 0.048309178743961345 0.1786666666666667
0 0.38526570048309183 0.5546666666666666 0.03784219001610306 0.15466666666666667
0 0.40740740740740744 0.528 0.02737520128824472 0.10133333333333333
0 0.428743961352657 0.508 0.020128824476650542 0.08800000000000002
0 0.6835748792270531 0.552 0.109500805152979 0.4213333333333334
0 0.6090982286634461 0.5653333333333334 0.05555555555555558 0.15466666666666673
0 0.5471014492753623 0.5173333333333333 0.02657004830917875 0.07466666666666666
0 0.5273752012882447 0.476 0.020933977455716568 0.08266666666666667
0 0.48752012882447665 0.5066666666666667 0.028180354267310803 0.08533333333333332
1 0.16344605475040258 0.5266666666666666 0.06441223832528181 0.26399999999999996
1 0.09581320450885668 0.5266666666666666 0.043478260869565216 0.14666666666666667
