1 0.6618357487922706 0.5533333333333333 0.03542673107890504 0.33866666666666667
1 0.32971014492753625 0.5720000000000001 0.05716586151368758 0.16800000000000004
1 0.4070048309178744 0.56 0.055555555555555525 0.16000000000000003
0 0.7934782608695652 0.44399999999999995 0.0249597423510467 0.09333333333333332
0 0.8900966183574879 0.42266666666666663 0.029790660225442855 0.10933333333333334
0 0.8285024154589371 0.45066666666666666 0.025764895330112725 0.08533333333333337
1 0.3595008051529791 0.5546666666666666 0.041062801932367166 0.12266666666666665
1 0.5414653784219001 0.49866666666666665 0.02657004830917875 0.07999999999999996
0 0.4883252818035427 0.5066666666666666 0.020128824476650542 0.06399999999999995
0 0.4432367149758454 0.4813333333333333 0.010466988727858284 0.03999999999999998
