1 0.31561996779388085 0.472 0.02898550724637683 0.12266666666666665
0 0.35185185185185186 0.48 0.02254428341384862 0.09066666666666667
0 0.4029790660225443 0.47333333333333333 0.023349436392914646 0.07733333333333337
1 0.5301932367149758 0.45999999999999996 0.01851851851851849 0.09866666666666662
0 0.5483091787439613 0.46399999999999997 0.012882447665056418 0.064
0 0.5841384863123993 0.45866666666666667 0.01207729468599028 0.06933333333333336
0 0.6135265700483092 0.4666666666666667 0.011272141706924255 0.053333333333333344
0 0.6296296296296297 0.4666666666666667 0.012882447665056418 0.053333333333333344
0 0.6513687600644122 0.46799999999999997 0.011272141706924366 0.05066666666666669
1 0.6763285024154589 0.46399999999999997 0.011272141706924366 0.05333333333333329
1 0.713365539452496 0.44666666666666666 0.009661835748792202 0.07200000000000001
1 0.7290660225442834 0.45066666666666666 0.007246376811594235 0.04799999999999999
1 0.7435587761674718 0.4573333333333333 0.007246376811594235 0.04533333333333334
