0 0.4842995169082126 0.5346666666666666 0.04589371980676332 0.12
0 0.23349436392914655 0.6813333333333333 0.11594202898550726 0.39199999999999996
0 0.3474235104669887 0.5720000000000001 0.050724637681159424 0.17866666666666664
0 0.39814814814814814 0.5373333333333333 0.03301127214170696 0.13599999999999995
0 0.4436392914653784 0.5013333333333334 0.012882447665056362 0.08533333333333337
0 0.8136070853462158 0.7266666666666667 0.14734299516908222 0.41333333333333333
0 0.5744766505636071 0.5346666666666666 0.03945249597423506 0.1093333333333334
0 0.5350241545893719 0.4786666666666667 0.02657004830917875 0.10399999999999993
1 0.24396135265700486 0.5373333333333333 0.04508856682769727 0.12000000000000005
0 0.4915458937198068 0.5093333333333333 0.029790660225442855 0.09066666666666662
1 0.1582125603864734 0.5213333333333333 0.03301127214170693 0.09866666666666668
