1 0.6900161030595813 0.5626666666666666 0.04508856682769724 0.39466666666666667
1 0.322061191626409 0.5693333333333332 0.06119162640901771 0.17866666666666664
1 0.394524959742351 0.56 0.06441223832528181 0.18666666666666665
0 0.8075684380032206 0.44133333333333336 0.025764895330112725 0.09866666666666662
0 0.9082125603864735 0.41733333333333333 0.03059581320450888 0.1146666666666667
0 0.8438003220611916 0.44133333333333336 0.027375201288244777 0.08800000000000002
1 0.355475040257649 0.5453333333333333 0.04267310789049922 0.1306666666666667
1 0.5454911433172303 0.4946666666666667 0.028180354267310803 0.08266666666666672
0 0.49114331723027377 0.49866666666666665 0.020933977455716568 0.06399999999999995
0 0.44806763285024154 0.4706666666666667 0.010466988727858284 0.03999999999999998
