0 0.46739130434782605 0.5253333333333333 0.03784219001610306 0.10133333333333328
0 0.3534621578099839 0.636 0.09339774557165864 0.27466666666666667
1 0.3196457326892109 0.5706666666666667 0.048309178743961345 0.19199999999999995
1 0.3756038647342995 0.528 0.0249597423510467 0.10133333333333333
0 0.4086151368760064 0.508 0.021739130434782594 0.07200000000000006
0 0.427536231884058 0.4853333333333333 0.016103059581320467 0.0746666666666666
0 0.5543478260869565 0.5386666666666666 0.04750402576489532 0.13866666666666666
0 0.5301932367149758 0.5133333333333334 0.029790660225442855 0.09333333333333338
0 0.5169082125603865 0.44666666666666666 0.040257648953301195 0.1786666666666667
1 0.14130434782608695 0.5333333333333333 0.0394524959742351 0.10666666666666669
0 0.463365539452496 0.504 0.02657004830917875 0.08000000000000002
