0 0.5197262479871175 0.6053333333333333 0.0732689210950081 0.22933333333333333
0 0.607487922705314 0.5533333333333333 0.04589371980676327 0.16799999999999998
0 0.567632850241546 0.532 0.024154589371980673 0.10399999999999998
0 0.5491143317230274 0.5226666666666667 0.019323671497584627 0.07466666666666671
1 0.39855072463768115 0.5306666666666666 0.025764895330112725 0.08000000000000002
1 0.45128824476650564 0.5106666666666666 0.016908212560386437 0.05599999999999994
1 0.4810789049919485 0.5 0.013687600644122389 0.04533333333333328
1 0.284219001610306 0.5573333333333333 0.03381642512077293 0.10133333333333328
1 0.3256843800322061 0.5346666666666666 0.02657004830917875 0.09866666666666662
1 0.37077294685990336 0.5226666666666666 0.020128824476650597 0.06933333333333336
1 0.4158615136876006 0.5146666666666666 0.01529790660225444 0.04799999999999999
1 0.18035426731078905 0.5533333333333332 0.02898550724637683 0.10399999999999998
1 0.16304347826086957 0.536 0.021739130434782594 0.07466666666666671
