0 0.4963768115942029 0.5213333333333333 0.0346215780998389 0.10933333333333328
0 0.6984702093397746 0.6493333333333333 0.11030595813204513 0.34400000000000003
0 0.6312399355877616 0.5853333333333333 0.07246376811594202 0.2693333333333333
0 0.6034621578099839 0.5586666666666666 0.05394524959742353 0.1893333333333333
0 0.5789049919484702 0.532 0.03542673107890493 0.16799999999999998
0 0.5619967793880838 0.5173333333333333 0.025764895330112725 0.10666666666666663
1 0.4110305958132045 0.5106666666666666 0.01851851851851849 0.05599999999999994
0 0.5402576489533011 0.5013333333333333 0.017713365539452464 0.08000000000000002
0 0.5281803542673108 0.496 0.016103059581320522 0.064
0 0.5213365539452496 0.48133333333333334 0.013687600644122444 0.06133333333333335
1 0.3909017713365539 0.4946666666666667 0.01529790660225444 0.05066666666666669
1 0.37077294685990336 0.49066666666666664 0.010466988727858284 0.03733333333333333
