0 0.5044283413848631 0.5666666666666667 0.050724637681159424 0.13600000000000007
0 0.2890499194847021 0.6973333333333334 0.09822866344605474 0.3653333333333333
0 0.38405797101449274 0.5786666666666667 0.0499194847020934 0.19733333333333336
0 0.38808373590982287 0.568 0.040257648953301084 0.15466666666666667
0 0.44202898550724634 0.5266666666666666 0.020933977455716624 0.09866666666666662
0 0.47665056360708535 0.476 0.012882447665056362 0.07200000000000001
0 0.7326892109500805 0.6799999999999999 0.09822866344605474 0.2719999999999999
0 0.6368760064412238 0.5746666666666667 0.0595813204508856 0.18933333333333335
0 0.5712560386473431 0.5213333333333333 0.03140096618357491 0.09866666666666668
0 0.5020128824476651 0.52 0.0297906602254428 0.09066666666666667
1 0.07286634460547504 0.532 0.050724637681159424 0.14133333333333337
