1 0.8776167471819646 0.5706666666666667 0.06602254428341392 0.34133333333333327
1 0.20450885668276972 0.6613333333333333 0.07729468599033817 0.23466666666666658
0 0.8095813204508857 0.7346666666666666 0.15217391304347827 0.4666666666666667
0 0.6553945249597424 0.608 0.07890499194847023 0.26133333333333336
1 0.3071658615136876 0.5946666666666667 0.04911433172302737 0.15999999999999992
1 0.5873590982286634 0.548 0.04267310789049927 0.1306666666666666
1 0.3683574879227053 0.5519999999999999 0.033011272141706904 0.10666666666666663
0 0.5652173913043479 0.5373333333333333 0.03542673107890504 0.10400000000000004
1 0.41304347826086957 0.52 0.02254428341384862 0.0693333333333333
0 0.5434782608695652 0.5186666666666667 0.025764895330112725 0.08266666666666672
0 0.47665056360708535 0.48933333333333334 0.01127214170692431 0.04533333333333334
