0 0.5036231884057971 0.56 0.052334943639291476 0.1653333333333334
0 0.6501610305958132 0.5933333333333333 0.06199677938808379 0.2426666666666667
0 0.5829307568438002 0.5453333333333333 0.040257648953301195 0.14666666666666672
1 0.2918679549114332 0.5706666666666667 0.050724637681159424 0.16533333333333333
1 0.1497584541062802 0.5773333333333333 0.05152979066022545 0.19466666666666665
1 0.40901771336553944 0.5186666666666666 0.02898550724637683 0.07733333333333337
1 0.47987117552334946 0.48533333333333334 0.014492753623188415 0.053333333333333344
1 0.28220611916264093 0.536 0.03140096618357485 0.10666666666666669
1 0.3719806763285024 0.52 0.02254428341384862 0.0693333333333333
0 0.5318035426731078 0.488 0.013687600644122333 0.04799999999999999
1 0.18438003220611915 0.5426666666666666 0.030595813204508854 0.10400000000000004
